8
31
32
39
42
43
52
61
64
80
82
85
89
93
100
103
105
106
115
117
137
139
153
155
162
168
178
184
188
191
194
196
201
204
222
226
230
237
244
255
258
263
278
282
284
285
300
306
306
316
323
331
333
345
345
357
372
393
408
412
416
418
419
428
462
465
466
472
479
486
490
503
513
516
516
519
522
526
527
531
537
548
548
559
560
566
566
569
592
614
616
621
625
645
651
665
670
693
706
709
713
726
735
743
745
749
758
781
782
784
790
813
822
824
827
828
854
870
884
912
916
918
920
923
933
960
964
967
970
985
989
993
1016
1023
1033
1037
1043
1046
1049
1054
1068
1076
1089
1096
1097
1114
1128
1129
1132
1155
1185
1190
1200
1201
1211
1213
1223
1257
1303
1303
1304
1305
1307
1322
1329
1331
1335
1336
1341
1362
1386
1387
1388
1391
1393
1401
1405
1408
1421
1427
1428
1435
1442
1453
1455
1492
1492
1507
1509
1509
1524
1548
1590
1591
1594
1611
1621
1624
1631
1633
1657
1658
1676
1677
1678
1698
1716
1716
1719
1723
1726
1728
1728
1733
1734
1735
1738
1748
1755
1761
1764
1769
1778
1783
1801
1811
1823
1832
1839
1848
1870
1895
1896
1914
1914
1941
1949
1951
1975
1980
2004
2004
2006
2008
2011
2017
2018
2022
2036
2043
2050
2056
2058
2069
2070
2072
2084
2089
2092
2094
2098
2101
2115
2129
2145
2153
2169
2180
2184
2186
2186
2188
2191
2194
2207
2224
2234
2239
2248
2254
2256
2268
2275
2284
2286
2290
2299
2300
2312
2346
2348
2350
2356
2358
2366
2370
2373
2377
2387
2389
2396
2398
2398
2410
2411
2414
2450
2454
2460
2470
2482
2484
2493
2495
2527
2534
2537
2543
2548
2549
2571
2576
2597
2612
2622
2624
2626
2658
2664
2668
2677
2694
2710
2714
2720
2721
2724
2724
2726
2727
2736
2750
2751
2751
2768
2768
2815
2833
2894
2906
2911
2921
2924
2936
2942
2945
2950
2954
2959
2961
2979
2994
2996
2997
3004
3015
3020
3033
3039
3045
3047
3047
3048
3049
3052
3063
3073
3074
3075
3095
3138
3140
3159
3168
3168
3189
3191
3195
3218
3220
3226
3237
3238
3247
3254
3256
3258
3265
3312
3314
3318
3320
3322
3326
3359
3367
3371
3392
3408
3409
3429
3432
3437
3438
3448
3451
3459
3467
3478
3482
3484
3512
3516
3536
3541
3543
3549
3557
3562
3571
3578
3580
3582
3597
3599
3603
3607
3614
3623
3629
3633
3645
3656
3669
3688
3696
3703
3718
3724
3728
3740
3741
3744
3747
3764
3768
3774
3796
3796
3804
3838
3867
3891
3899
3907
3914
3923
3934
3943
3952
3955
3959
3975
3982
3982
3986
3991
4004
4021
4041
4069
4070
4092
4092
4093
4098
4107
4129
4137
4154
4157
4171
4176
4176
4180
4181
4183
4185
4211
4215
4220
4222
4231
4244
4255
4255
4267
4276
4290
4301
4307
4314
4320
4327
4346
4351
4357
4359
4359
4360
4375
4376
4379
4385
4388
4390
4410
4410
4445
4447
4451
4471
4496
4502
4504
4504
4520
4529
4533
4542
4543
4548
4555
4560
4562
4567
4573
4581
4596
4598
4605
4608
4614
4616
4616
4631
4650
4654
4675
4685
4698
4713
4720
4721
4726
4728
4755
4766
4772
4773
4782
4783
4799
4800
4800
4814
4824
4830
4831
4837
4851
4853
4865
4880
4887
4894
4901
4907
4908
4938
4942
4951
4960
4962
4977
4994
4997
5003
5014
5017
5023
5024
5027
5030
5056
5060
5097
5098
5110
5131
5148
5152
5157
5157
5173
5179
5183
5188
5189
5207
5215
5219
5239
5255
5261
5270
5283
5286
5290
5302
5306
5321
5323
5336
5337
5347
5348
5360
5361
5364
5365
5400
5417
5432
5456
5457
5460
5470
5472
5475
5488
5488
5494
5494
5507
5519
5542
5543
5544
5549
5550
5561
5566
5569
5571
5574
5581
5591
5596
5607
5611
5614
5614
5617
5618
5621
5626
5653
5661
5666
5674
5680
5682
5690
5702
5702
5703
5720
5724
5728
5730
5732
5743
5752
5767
5771
5772
5780
5781
5783
5783
5790
5793
5797
5797
5810
5832
5841
5865
5868
5876
5881
5887
5900
5914
5914
5921
5928
5930
5944
5963
5963
5970
5970
5979
5987
5990
5997
5998
5999
6009
6013
6016
6017
6033
6045
6061
6067
6077
6087
6090
6093
6106
6109
6114
6122
6126
6139
6145
6157
6159
6162
6166
6167
6195
6196
6206
6212
6234
6235
6257
6260
6269
6271
6274
6276
6278
6282
6289
6290
6311
6317
6318
6324
6329
6333
6333
6342
6344
6361
6367
6373
6383
6386
6390
6392
6397
6402
6406
6435
6441
6451
6462
6463
6464
6466
6486
6488
6492
6498
6503
6513
6516
6524
6542
6556
6558
6566
6590
6597
6608
6611
6613
6616
6620
6620
6659
6665
6679
6697
6711
6741
6745
6752
6780
6787
6788
6816
6821
6822
6840
6867
6872
6882
6943
6947
6952
6969
6970
6971
6971
6972
6973
6987
6988
7000
7000
7023
7025
7056
7069
7071
7072
7078
7097
7103
7104
7104
7112
7113
7114
7138
7139
7160
7161
7176
7177
7181
7182
7193
7202
7205
7212
7221
7231
7231
7231
7249
7249
7255
7269
7284
7290
7298
7302
7305
7325
7330
7333
7335
7335
7340
7346
7351
7355
7375
7383
7389
7413
7416
7437
7437
7438
7438
7449
7450
7454
7464
7466
7468
7474
7480
7485
7502
7529
7537
7545
7546
7551
7555
7589
7590
7593
7605
7606
7606
7626
7633
7641
7644
7650
7677
7692
7693
7695
7697
7705
7706
7729
7739
7753
7753
7754
7761
7768
7789
7799
7814
7817
7817
7818
7818
7821
7830
7844
7847
7848
7850
7852
7857
7891
7892
7902
7910
7917
7940
7940
7950
7953
7963
7971
7986
7988
8008
8008
8029
8030
8038
8076
8079
8081
8082
8084
8101
8109
8111
8120
8126
8131
8135
8146
8150
8164
8166
8169
8173
8173
8194
8218
8227
8246
8252
8255
8261
8272
8274
8290
8311
8312
8312
8318
8321
8323
8328
8332
8333
8336
8337
8351
8369
8381
8384
8384
8390
8402
8413
8414
8430
8432
8443
8444
8448
8454
8467
8488
8496
8514
8515
8518
8524
8550
8553
8555
8559
8564
8567
8569
8570
8587
8589
8591
8596
8605
8608
8620
8629
8638
8640
8661
8668
8697
8703
8705
8705
8710
8715
8734
8747
8755
8761
8765
8782
8784
8811
8817
8828
8857
8867
8868
8871
8872
8884
8887
8888
8891
8893
8916
8923
8924
8937
8941
8947
8953
8969
8999
9008
9012
9015
9016
9023
9024
9031
9033
9039
9041
9049
9052
9073
9076
9140
9156
9157
9175
9187
9190
9191
9227
9228
9233
9234
9241
9245
9249
9257
9260
9267
9270
9288
9312
9320
9323
9336
9342
9343
9351
9378
9379
9382
9389
9402
9406
9422
9423
9427
9429
9442
9445
9466
9493
9498
9507
9516
9517
9533
9547
9547
9558
9559
9560
9573
9583
9587
9597
9612
9613
9617
9618
9631
9643
9649
9651
9651
9653
9669
9679
9709
9714
9734
9744
9757
9772
9789
9798
9801
9804
9806
9819
9823
9853
9855
9870
9879
9882
9884
9892
9895
9897
9901
9916
9922
9929
9943
9951
9960
9968
9990
9999
10007
10023
10026
10028
10036
10045
10051
10066
10071
10088
10088
10101
10113
10116
10118
10123
10130
10133
10138
10150
10175
10176
10213
10220
10234
10242
10247
10251
10257
10265
10273
10279
10280
10289
10292
10295
10315
10356
10363
10385
10385
10398
10404
10415
10421
10442
10444
10454
10457
10463
10467
10467
10467
10471
10493
10515
10516
10528
10530
10552
10553
10558
10559
10559
10560
10563
10563
10569
10571
10582
10594
10597
10639
10652
10676
10685
10686
10695
10710
10711
10715
10716
10719
10723
10726
10736
10760
10762
10765
10773
10776
10788
10792
10822
10827
10832
10833
10834
10835
10835
10842
10844
10855
10855
10856
10863
10869
10884
10889
10905
10911
10921
10930
10937
10942
10948
10961
10985
10987
10987
10990
10995
10999
11006
11006
11014
11016
11058
11074
11074
11075
11078
11084
11087
11089
11098
11101
11106
11107
11109
11128
11148
11149
11179
11195
11196
11197
11201
11209
11216
11217
11218
11219
11241
11256
11257
11257
11300
11305
11308
11310
11315
11334
11338
11339
11366
11371
11380
11382
11390
11390
11402
11407
11426
11431
11432
11434
11444
11454
11461
11461
11462
11462
11469
11479
11481
11496
11502
11504
11509
11525
11526
11543
11567
11575
11598
11604
11613
11634
11638
11641
11646
11649
11656
11656
11669
11678
11682
11682
11685
11698
11701
11702
11707
11715
11721
11729
11755
11765
11780
11783
11794
11806
11808
11810
11823
11829
11829
11831
11848
11848
11856
11862
11871
11889
11916
11920
11925
11927
11951
11957
11962
11982
11982
11986
11990
11995
11996
12019
12025
12035
12058
12070
12074
12075
12096
12101
12123
12126
12127
12142
12148
12153
12161
12164
12167
12172
12176
12181
12200
12202
12207
12211
12222
12226
12232
12234
12236
12248
12255
12256
12266
12277
12278
12289
12291
12294
12302
12312
12320
12329
12332
12333
12339
12340
12345
12348
12349
12366
12375
12378
12379
12405
12408
12414
12418
12429
12436
12442
12444
12459
12475
12475
12475
12480
12483
12483
12485
12490
12495
12507
12511
12519
12523
12532
12535
12538
12547
12548
12551
12558
12560
12567
12588
12592
12606
12612
12612
12614
12615
12620
12626
12638
12639
12640
12646
12660
12666
12669
12671
12672
12676
12678
12683
12684
12694
12701
12724
12735
12744
12752
12758
12778
12794
12808
12817
12829
12830
12833
12855
12874
12876
12902
12922
12934
12954
12957
12960
12965
12970
12980
12993
13032
13044
13047
13054
13054
13056
13067
13073
13073
13076
13083
13088
13110
13111
13113
13115
13118
13122
13133
13134
13140
13141
13148
13154
13158
13169
13172
13188
13190
13195
13200
13213
13223
13224
13241
13246
13247
13250
13253
13257
13264
13273
13292
13305
13306
13310
13320
13321
13322
13323
13332
13338
13341
13346
13351
13358
13373
13390
13393
13398
13411
13415
13436
13438
13445
13449
13476
13484
13516
13522
13527
13532
13535
13540
13541
13547
13550
13552
13553
13553
13557
13568
13572
13576
13582
13588
13591
13594
13602
13622
13624
13630
13645
13652
13655
13678
13682
13689
13692
13700
13705
13717
13740
13745
13766
13767
13776
13797
13798
13798
13813
13817
13832
13843
13849
13856
13858
13869
13874
13883
13886
13886
13896
13905
13907
13907
13922
13941
13948
13951
13966
13972
13973
13990
14002
14015
14017
14035
14040
14054
14070
14070
14074
14079
14082
14084
14092
14102
14103
14104
14105
14108
14109
14110
14111
14121
14122
14126
14127
14129
14133
14142
14145
14147
14164
14166
14180
14183
14196
14216
14236
14237
14238
14250
14251
14257
14258
14258
14258
14268
14303
14306
14312
14323
14331
14334
14345
14352
14359
14364
14369
14370
14377
14395
14396
14400
14422
14449
14451
14452
14454
14473
14481
14507
14514
14531
14532
14556
14558
14563
14579
14588
14600
14610
14611
14627
14644
14645
14655
14670
14688
14694
14720
14729
14758
14781
14802
14807
14820
14824
14826
14836
14842
14845
14845
14852
14858
14863
14869
14878
14880
14880
14881
14886
14889
14895
14899
14903
14910
14912
14920
14935
14942
14946
14947
14954
14955
14960
14966
14970
14973
14973
14996
15000
15002
15017
15032
15038
15050
15050
15050
15052
15052
15056
15056
15084
15091
15092
15099
15100
15129
15131
15145
15147
15152
15156
15165
15166
15169
15179
15179
15199
15207
15207
15214
15215
15215
15219
15220
15220
15239
15249
15273
15276
15287
15310
15316
15355
15360
15364
15364
15374
15375
15380
15391
15410
15414
15418
15427
15427
15430
15432
15442
15458
15474
15475
15477
15484
15487
15490
15493
15508
15527
15531
15536
15542
15549
15556
15563
15568
15606
15625
15629
15630
15640
15656
15672
15678
15684
15686
15694
15708
15715
15717
15729
15738
15740
15741
15742
15744
15745
15752
15770
15771
15837
15862
15871
15875
15880
15880
15897
15918
15927
15935
15937
15942
15945
15955
15958
15967
15976
15978
16007
16010
16027
16029
16059
16081
16081
16083
16088
16089
16098
16103
16122
16133
16149
16169
16188
16188
16197
16202
16209
16212
16219
16219
16224
16232
16244
16254
16255
16260
16283
16296
16308
16316
16316
16319
16321
16326
16340
16345
16345
16347
16348
16353
16359
16378
16383
16392
16401
16414
16419
16429
16433
16438
16443
16445
16448
16471
16473
16475
16479
16499
16501
16513
16516
16524
16524
16528
16539
16548
16562
16589
16589
16619
16622
16627
16632
16636
16647
16653
16660
16661
16668
16681
16721
16726
16733
16739
16741
16746
16754
16758
16759
16781
16803
16804
16806
16806
16811
16818
16824
16831
16833
16839
16860
16864
16873
16874
16877
16879
16880
16890
16898
16902
16904
16905
16925
16930
16938
16939
16939
16943
16944
16951
16957
16960
16962
16963
16967
16974
16974
16977
16985
16990
17006
17014
17015
17020
17038
17052
17056
17109
17113
17119
17134
17155
17156
17166
17169
17183
17184
17185
17187
17190
17196
17201
17216
17238
17250
17251
17265
17267
17271
17276
17278
17279
17294
17301
17301
17308
17318
17328
17340
17341
17365
17365
17377
17385
17388
17406
17412
17420
17438
17469
17474
17479
17480
17485
17488
17495
17495
17499
17505
17520
17526
17526
17529
17532
17545
17551
17556
17595
17602
17605
17621
17637
17642
17655
17661
17662
17689
17694
17701
17722
17723
17724
17730
17750
17764
17775
17779
17786
17789
17798
17820
17827
17827
17833
17837
17840
17849
17859
17868
17869
17881
17882
17889
17891
17912
17915
17917
17921
17939
17953
17960
17964
17964
17974
17979
17996
17999
17999
17999
17999
18017
18023
18056
18090
18098
18119
18123
18135
18136
18137
18144
18146
18153
18171
18177
18179
18187
18206
18208
18217
18221
18223
18226
18252
18260
18274
18280
18283
18290
18291
18293
18296
18302
18313
18323
18324
18330
18335
18340
18351
18353
18375
18377
18381
18399
18431
18467
18479
18483
18492
18499
18511
18530
18537
18537
18552
18564
18575
18575
18575
18580
18589
18598
18601
18613
18626
18648
18650
18655
18674
18703
18706
18706
18716
18724
18730
18738
18741
18742
18756
18763
18768
18772
18783
18792
18794
18799
18801
18810
18813
18814
18826
18845
18869
18892
18913
18921
18925
18927
18932
18933
18935
18939
18942
18946
18946
18951
18954
18955
18956
18959
18972
18980
18985
19035
19037
19037
19040
19055
19061
19063
19087
19100
19102
19124
19126
19130
19135
19148
19154
19203
19203
19204
19204
19215
19227
19238
19247
19275
19295
19299
19307
19324
19337
19345
19351
19368
19382
19388
19398
19402
19408
19410
19415
19426
19439
19441
19443
19454
19470
19477
19493
19494
19499
19504
19524
19526
19529
19533
19535
19539
19554
19568
19574
19578
19586
19604
19607
19618
19624
19626
19630
19635
19642
19653
19657
19672
19688
19710
19726
19731
19737
19739
19755
19768
19789
19796
19799
19806
19831
19840
19841
19841
19867
19877
19880
19888
19888
19890
19925
19927
19928
19940
19942
19946
19948
19959
19964
19970
19985
19988
19997
19997
20019
20022
20030
20031
20035
20042
20045
20087
20095
20098
20110
20124
20133
20178
20178
20186
20188
20190
20201
20210
20219
20223
20226
20227
20250
20252
20268
20275
20279
20283
20292
20294
20311
20318
20318
20334
20343
20349
20349
20374
20378
20414
20416
20418
20420
20422
20426
20440
20446
20465
20484
20491
20518
20526
20533
20540
20546
20561
20576
20583
20585
20612
20619
20620
20636
20646
20658
20664
20666
20683
20689
20694
20697
20700
20716
20728
20735
20742
20750
20751
20751
20751
20754
20770
20777
20782
20788
20803
20820
20853
20855
20864
20878
20879
20900
20904
20905
20916
20918
20924
20939
20941
20943
20950
20955
20964
20975
20986
20992
21007
21015
21031
21039
21058
21098
21101
21101
21111
21113
21125
21155
21168
21171
21183
21189
21194
21205
21207
21216
21222
21229
21229
21233
21236
21260
21272
21272
21291
21300
21300
21304
21313
21322
21328
21345
21358
21362
21367
21373
21378
21384
21391
21404
21407
21417
21419
21421
21428
21452
21454
21464
21475
21542
21552
21556
21558
21568
21569
21574
21576
21588
21614
21629
21635
21640
21694
21706
21716
21738
21750
21759
21760
21774
21787
21787
21801
21801
21802
21804
21813
21836
21849
21858
21864
21896
21919
21933
21944
21946
21987
21994
21999
22000
22008
22009
22015
22016
22024
22026
22027
22030
22034
22045
22049
22056
22060
22063
22076
22085
22093
22118
22120
22121
22122
22124
22126
22131
22140
22142
22152
22156
22167
22174
22187
22194
22208
22210
22219
22229
22234
22237
22238
22239
22247
22254
22254
22259
22265
22265
22268
22283
22283
22312
22351
22351
22353
22366
22384
22413
22415
22422
22435
22435
22458
22459
22471
22472
22473
22478
22484
22485
22491
22499
22506
22521
22525
22528
22530
22547
22565
22584
22602
22603
22605
22605
22607
22613
22626
22627
22629
22631
22632
22635
22636
22640
22669
22674
22674
22680
22689
22690
22697
22700
22700
22702
22713
22733
22733
22740
22757
22761
22778
22792
22801
22805
22819
22828
22836
22842
22854
22860
22863
22873
22876
22879
22894
22899
22900
22905
22907
22921
22925
22926
22927
22931
22940
22943
22943
22945
22953
22954
22961
22971
22974
22974
22975
22985
22988
22993
22999
23000
23015
23038
23039
23052
23055
23055
23056
23057
23064
23072
23090
23097
23104
23108
23112
23112
23113
23114
23118
23129
23131
23144
23150
23151
23159
23160
23167
23175
23183
23185
23186
23190
23228
23260
23262
23265
23267
23290
23295
23296
23302
23306
23308
23316
23318
23326
23329
23331
23332
23332
23334
23350
23353
23371
23373
23375
23376
23376
23383
23386
23387
23394
23395
23405
23421
23421
23436
23450
23455
23461
23464
23473
23477
23482
23500
23522
23525
23525
23539
23559
23563
23569
23570
23593
23606
23615
23628
23646
23654
23660
23678
23681
23694
23701
23705
23707
23718
23739
23749
23750
23758
23759
23759
23759
23766
23771
23786
23792
23792
23792
23804
23819
23819
23820
23822
23826
23837
23838
23852
23863
23872
23882
23887
23892
23895
23895
23900
23904
23905
23923
23924
23931
23933
23936
23940
23952
23953
23953
23956
23964
23976
23980
23988
23988
24008
24011
24022
24034
24045
24047
24052
24067
24079
24085
24086
24096
24114
24114
24154
24154
24168
24176
24184
24200
24205
24215
24218
24221
24242
24244
24264
24272
24274
24275
24277
24315
24322
24324
24324
24327
24334
24341
24346
24350
24359
24370
24374
24374
24376
24387
24391
24392
24404
24405
24431
24436
24482
24483
24486
24486
24488
24511
24534
24550
24553
24559
24562
24571
24581
24582
24587
24589
24596
24603
24604
24605
24609
24610
24614
24623
24627
24629
24639
24647
24652
24661
24661
24669
24672
24675
24695
24700
24715
24722
24722
24755
24758
24765
24776
24780
24788
24788
24793
24811
24821
24824
24829
24839
24881
24899
24903
24906
24915
24930
24945
24951
24958
24964
24968
24974
24995
25015
25028
25031
25036
25049
25054
25063
25076
25080
25090
25111
25118
25139
25141
25156
25158
25159
25161
25163
25167
25169
25207
25218
25225
25226
25230
25230
25240
25244
25247
25255
25258
25270
25276
25290
25295
25300
25301
25307
25310
25330
25356
25375
25387
25394
25394
25401
25404
25407
25410
25411
25412
25416
25416
25422
25431
25440
25440
25444
25444
25451
25463
25463
25475
25489
25490
25498
25521
25524
25536
25546
25553
25556
25561
25590
25590
25613
25618
25623
25626
25634
25647
25666
25667
25681
25682
25687
25699
25702
25710
25722
25726
25731
25738
25744
25745
25750
25761
25765
25765
25766
25774
25776
25778
25780
25788
25802
25823
25830
25843
25844
25853
25857
25857
25861
25862
25865
25883
25900
25904
25912
25923
25929
25945
25945
25958
25966
25968
25969
25974
25975
25982
25994
25994
25999
25999
26009
26010
26011
26020
26052
26069
26069
26070
26071
26094
26095
26096
26097
26126
26130
26135
26136
26138
26156
26158
26174
26180
26181
26182
26183
26205
26208
26211
26217
26229
26243
26248
26259
26260
26261
26266
26275
26277
26282
26285
26292
26307
26314
26330
26335
26342
26349
26355
26372
26373
26381
26382
26393
26394
26421
26421
26446
26455
26456
26458
26485
26489
26505
26513
26524
26531
26537
26549
26552
26585
26616
26623
26628
26631
26642
26654
26668
26673
26720
26722
26726
26732
26746
26747
26760
26767
26770
26777
26777
26779
26780
26787
26791
26793
26794
26800
26803
26806
26809
26818
26821
26827
26827
26836
26840
26844
26848
26849
26850
26857
26859
26860
26862
26869
26873
26889
26895
26897
26898
26907
26927
26936
26957
26958
26974
26980
26986
26987
26995
27018
27019
27022
27024
27038
27038
27045
27056
27069
27081
27087
27088
27100
27109
27112
27115
27168
27215
27216
27228
27229
27231
27236
27236
27250
27252
27277
27291
27306
27306
27308
27314
27317
27323
27325
27326
27334
27347
27355
27375
27382
27388
27401
27408
27414
27440
27458
27470
27478
27485
27499
27507
27518
27523
27527
27539
27543
27545
27546
27551
27557
27564
27569
27585
27586
27602
27604
27606
27621
27627
27649
27650
27657
27671
27692
27709
27728
27737
27740
27742
27776
27786
27790
27808
27814
27819
27821
27828
27834
27841
27847
27848
27886
27890
27891
27895
27900
27903
27907
27912
27913
27914
27943
27949
27949
27971
27981
27999
28001
28016
28017
28027
28030
28033
28036
28045
28045
28054
28060
28066
28066
28066
28075
28098
28124
28128
28135
28138
28140
28159
28168
28181
28181
28188
28189
28193
28197
28198
28204
28208
28208
28222
28234
28235
28236
28240
28240
28294
28299
28302
28303
28321
28323
28330
28332
28354
28358
28363
28364
28378
28378
28382
28391
28412
28416
28417
28420
28439
28440
28450
28468
28469
28477
28489
28525
28531
28532
28553
28582
28586
28600
28603
28605
28630
28637
28645
28646
28659
28661
28668
28688
28697
28711
28713
28713
28720
28721
28738
28741
28753
28773
28781
28785
28787
28808
28817
28822
28822
28842
28847
28858
28875
28883
28900
28910
28915
28923
28934
28934
28934
28940
28943
28945
28955
28956
28972
28981
28991
29002
29008
29012
29013
29019
29040
29044
29045
29050
29058
29067
29081
29083
29091
29098
29121
29129
29131
29132
29135
29158
29186
29202
29221
29227
29235
29261
29266
29280
29298
29299
29302
29307
29308
29313
29314
29316
29318
29318
29327
29332
29348
29352
29363
29370
29385
29391
29397
29401
29402
29402
29406
29425
29428
29443
29445
29449
29451
29456
29460
29471
29474
29477
29488
29488
29516
29522
29530
29538
29546
29546
29547
29550
29556
29572
29577
29583
29591
29597
29606
29626
29626
29628
29642
29642
29650
29669
29671
29673
29679
29679
29680
29686
29689
29699
29705
29707
29745
29745
29746
29763
29779
29782
29791
29793
29804
29813
29814
29817
29822
29835
29842
29842
29842
29845
29850
29850
29866
29873
29897
29898
29914
29923
29934
29934
29941
29947
29952
29955
29958
29964
29968
29973
29999
30001
30002
30037
30054
30059
30069
30076
30099
30108
30108
30111
30113
30122
30124
30132
30137
30142
30150
30158
30167
30171
30177
30188
30188
30191
30196
30199
30209
30212
30222
30228
30238
30242
30262
30268
30282
30290
30290
30295
30301
30326
30327
30327
30342
30365
30382
30387
30397
30400
30420
30441
30442
30457
30457
30464
30471
30481
30489
30498
30501
30502
30510
30512
30514
30522
30539
30542
30543
30574
30621
30635
30640
30644
30655
30660
30666
30671
30677
30677
30712
30715
30715
30720
30745
30760
30774
30794
30797
30801
30802
30802
30824
30839
30850
30854
30862
30863
30880
30887
30896
30901
30907
30916
30926
30948
30949
30958
30970
30972
30992
30994
31010
31012
31014
31039
31041
31054
31061
31071
31114
31155
31161
31175
31181
31194
31198
31203
31206
31212
31219
31220
31224
31228
31231
31243
31266
31271
31278
31285
31287
31293
31304
31308
31326
31357
31361
31365
31375
31383
31387
31394
31402
31404
31408
31414
31430
31435
31439
31452
31458
31461
31473
31481
31486
31488
31505
31512
31519
31519
31524
31533
31534
31559
31559
31566
31574
31579
31585
31590
31611
31615
31616
31618
31628
31631
31633
31634
31664
31668
31669
31676
31680
31692
31711
31712
31715
31726
31735
31753
31767
31774
31775
31776
31789
31799
31800
31806
31809
31892
31905
31907
31908
31908
31910
31911
31913
31918
31955
31956
31962
31964
31965
31979
31986
31998
32001
32004
32014
32025
32035
32035
32044
32046
32046
32048
32053
32056
32057
32068
32071
32086
32094
32099
32106
32107
32114
32115
32117
32119
32139
32141
32151
32163
32221
32239
32263
32272
32273
32279
32287
32294
32299
32305
32310
32311
32338
32341
32353
32379
32384
32393
32403
32410
32449
32454
32457
32487
32492
32498
32510
32510
32518
32521
32525
32527
32528
32540
32549
32551
32563
32567
32571
32610
32610
32611
32621
32623
32635
32643
32644
32661
32665
32669
32674
32680
32681
32695
32699
32699
32716
32721
32743
32750
