3
4
27
35
38
40
43
50
62
67
85
95
98
105
109
110
111
117
131
134
147
161
172
184
192
195
197
234
235
237
238
258
262
267
268
273
274
286
288
291
296
298
305
305
311
319
325
330
337
340
369
370
372
384
391
404
414
422
425
426
426
441
441
442
475
489
494
509
513
514
517
518
533
551
561
579
612
613
615
620
650
667
691
706
725
730
739
741
757
772
778
786
793
798
801
810
818
819
823
823
860
860
866
868
875
883
902
904
906
909
912
920
940
947
958
959
972
987
1000
1002
1005
1007
1010
1011
1023
1034
1035
1072
1076
1079
1086
1097
1099
1100
1106
1128
1128
1132
1136
1157
1165
1174
1178
1190
1191
1197
1218
1221
1226
1237
1240
1245
1251
1255
1260
1266
1270
1271
1280
1296
1297
1301
1315
1320
1320
1342
1358
1365
1376
1378
1383
1393
1402
1418
1420
1425
1438
1448
1456
1457
1458
1460
1462
1464
1470
1481
1498
1516
1551
1555
1561
1563
1564
1576
1576
1577
1581
1582
1594
1597
1598
1610
1624
1630
1659
1668
1673
1679
1679
1696
1703
1724
1728
1732
1737
1772
1781
1787
1790
1791
1792
1794
1813
1819
1829
1838
1842
1848
1854
1858
1864
1869
1880
1909
1922
1929
1934
1943
1945
1946
1947
1970
1977
1989
1992
1995
1996
2002
2006
2021
2031
2037
2040
2050
2052
2056
2064
2068
2074
2078
2087
2106
2110
2145
2162
2171
2181
2200
2203
2205
2206
2212
2220
2230
2242
2260
2262
2282
2284
2289
2290
2295
2298
2303
2313
2318
2324
2363
2364
2400
2408
2408
2418
2420
2423
2428
2430
2431
2439
2440
2446
2459
2461
2465
2468
2468
2473
2486
2492
2510
2517
2518
2534
2536
2546
2551
2571
2598
2601
2604
2619
2635
2673
2676
2684
2689
2689
2701
2702
2716
2717
2725
2737
2751
2753
2780
2783
2791
2794
2807
2808
2815
2819
2842
2855
2859
2860
2865
2870
2875
2876
2892
2925
2929
2960
2962
2967
2976
2979
2981
2987
2991
2992
3007
3012
3016
3025
3026
3028
3037
3048
3049
3058
3060
3062
3062
3063
3066
3081
3103
3104
3108
3118
3132
3132
3146
3148
3180
3180
3199
3202
3204
3210
3211
3220
3227
3228
3238
3242
3269
3272
3280
3288
3295
3326
3328
3337
3352
3357
3364
3366
3368
3375
3378
3381
3387
3389
3403
3410
3413
3421
3429
3434
3441
3452
3454
3455
3461
3483
3486
3519
3525
3536
3563
3566
3566
3585
3588
3592
3600
3603
3619
3621
3626
3628
3630
3633
3638
3666
3666
3669
3673
3674
3675
3681
3685
3685
3693
3707
3711
3716
3716
3721
3741
3751
3768
3774
3780
3786
3797
3815
3816
3827
3835
3836
3836
3842
3849
3851
3854
3868
3870
3877
3879
3893
3898
3903
3915
3915
3917
3920
3940
3951
3955
3978
3986
3988
3989
3996
4025
4041
4058
4067
4071
4073
4080
4090
4090
4093
4094
4139
4143
4145
4166
4197
4209
4223
4224
4226
4259
4273
4282
4282
4295
4306
4318
4318
4332
4349
4357
4384
4399
4401
4415
4437
4446
4465
4478
4484
4499
4519
4524
4534
4535
4544
4557
4560
4578
4591
4596
4600
4606
4606
4617
4619
4626
4626
4634
4656
4657
4665
4667
4667
4673
4685
4686
4711
4721
4723
4737
4744
4750
4756
4761
4774
4774
4777
4784
4806
4813
4820
4827
4836
4844
4844
4860
4867
4870
4872
4914
4930
4931
4931
4952
4957
4982
4983
4992
4995
4996
4999
5004
5005
5007
5008
5034
5039
5039
5050
5070
5072
5081
5090
5094
5096
5105
5125
5133
5138
5159
5191
5195
5205
5222
5225
5248
5258
5272
5274
5289
5294
5303
5303
5322
5323
5335
5337
5349
5349
5354
5355
5358
5358
5379
5383
5384
5390
5391
5402
5402
5441
5446
5448
5466
5501
5524
5529
5535
5536
5558
5575
5575
5581
5588
5595
5607
5620
5631
5633
5640
5642
5645
5649
5672
5687
5694
5700
5706
5707
5710
5719
5732
5740
5744
5765
5769
5781
5785
5800
5804
5812
5827
5827
5830
5835
5843
5847
5853
5882
5886
5891
5892
5892
5895
5923
5923
5923
5932
5934
5940
5957
5957
5957
5960
5969
5974
5978
5984
5988
5990
5992
5996
6012
6014
6022
6040
6042
6046
6059
6070
6085
6085
6102
6103
6113
6114
6119
6126
6130
6143
6144
6160
6165
6175
6178
6190
6198
6208
6208
6220
6223
6233
6236
6246
6255
6273
6279
6283
6293
6297
6305
6311
6321
6325
6333
6335
6338
6339
6340
6345
6346
6347
6354
6358
6368
6369
6392
6411
6415
6443
6444
6481
6481
6486
6501
6505
6511
6515
6517
6521
6524
6536
6539
6549
6556
6592
6596
6602
6605
6611
6618
6638
6640
6643
6645
6658
6662
6664
6666
6674
6692
6702
6703
6712
6718
6722
6722
6723
6732
6737
6737
6767
6783
6791
6795
6795
6795
6797
6800
6814
6825
6830
6834
6841
6851
6859
6871
6873
6875
6876
6877
6878
6886
6887
6888
6889
6893
6895
6901
6907
6908
6922
6931
6932
6937
6939
6940
6943
6961
6983
6991
7000
7001
7009
7011
7018
7031
7060
7083
7087
7090
7093
7098
7110
7121
7122
7123
7126
7127
7132
7133
7134
7134
7138
7141
7145
7153
7161
7174
7190
7198
7224
7230
7232
7235
7246
7266
7269
7270
7271
7274
7275
7282
7284
7305
7309
7313
7320
7338
7358
7361
7372
7376
7409
7412
7413
7422
7426
7437
7438
7443
7448
7450
7466
7485
7499
7510
7528
7531
7531
7533
7536
7545
7546
7547
7554
7561
7582
7583
7595
7620
7629
7634
7639
7645
7655
7662
7662
7677
7686
7700
7706
7708
7708
7722
7727
7735
7738
7744
7746
7747
7760
7763
7778
7788
7806
7807
7807
7814
7816
7826
7830
7843
7851
7869
7872
7875
7881
7881
7886
7910
7918
7935
7940
7945
7956
7982
7984
7988
7988
7999
8007
8013
8020
8050
8053
8073
8076
8081
8103
8105
8106
8111
8117
8133
8141
8157
8167
8168
8173
8199
8218
8220
8238
8244
8244
8257
8266
8272
8280
8281
8290
8294
8297
8297
8322
8337
8337
8353
8356
8356
8361
8364
8377
8402
8412
8423
8425
8435
8445
8453
8454
8459
8464
8471
8474
8480
8481
8493
8529
8533
8539
8546
8560
8578
8590
8590
8591
8600
8608
8639
8641
8641
8646
8671
8688
8690
8691
8695
8711
8717
8721
8725
8726
8727
8731
8733
8744
8748
8755
8763
8791
8794
8799
8801
8806
8810
8812
8825
8827
8828
8842
8856
8857
8873
8908
8914
8915
8921
8922
8932
8933
8942
8943
8944
8947
8961
8965
8977
9000
9007
9026
9031
9059
9064
9064
9069
9084
9088
9090
9100
9114
9115
9115
9128
9141
9142
9153
9153
9161
9161
9166
9185
9187
9187
9188
9191
9196
9197
9202
9223
9244
9266
9267
9271
9279
9281
9286
9289
9308
9310
9313
9317
9323
9329
9340
9342
9345
9349
9353
9355
9368
9371
9386
9391
9392
9411
9422
9446
9515
9525
9526
9538
9549
9553
9597
9600
9601
9612
9618
9623
9628
9644
9657
9666
9666
9668
9689
9698
9723
9730
9755
9758
9762
9770
9771
9779
9783
9791
9803
9830
9834
9835
9835
9837
9838
9844
9847
9870
9876
9882
9891
9903
9904
9933
9939
9939
9953
9955
9956
9961
9963
9965
9978
10002
10002
10010
10012
10012
10035
10046
10051
10060
10069
10075
10088
10097
10102
10108
10119
10124
10125
10138
10148
10158
10162
10183
10197
10201
10205
10207
10219
10232
10235
10250
10251
10252
10262
10266
10268
10278
10285
10299
10309
10311
10315
10331
10343
10343
10348
10351
10358
10373
10381
10383
10404
10405
10406
10410
10416
10418
10425
10436
10439
10440
10447
10456
10473
10473
10479
10487
10498
10500
10510
10515
10519
10521
10539
10558
10573
10577
10582
10595
10604
10607
10609
10622
10622
10625
10639
10642
10649
10655
10663
10679
10686
10690
10720
10735
10738
10740
10759
10760
10767
10775
10808
10809
10826
10829
10850
10851
10851
10852
10854
10856
10863
10869
10875
10880
10882
10883
10884
10889
10913
10913
10927
10930
10943
10957
10961
10972
10999
11003
11013
11018
11039
11048
11082
11085
11085
11092
11101
11102
11108
11117
11124
11124
11141
11146
11149
11153
11160
11169
11179
11186
11202
11218
11222
11231
11232
11232
11261
11270
11274
11286
11308
11319
11324
11325
11326
11357
11357
11373
11380
11391
11392
11399
11399
11401
11461
11462
11466
11467
11468
11470
11479
11482
11482
11499
11504
11515
11520
11520
11535
11539
11539
11542
11546
11555
11559
11574
11585
11606
11611
11614
11622
11624
11627
11655
11656
11683
11700
11737
11738
11745
11746
11750
11751
11755
11757
11759
11765
11788
11793
11800
11808
11821
11841
11842
11845
11848
11856
11860
11867
11872
11876
11896
11904
11922
11931
11949
11949
11953
11959
11968
11969
11990
11991
12005
12006
12006
12008
12018
12023
12028
12030
12031
12040
12042
12052
12053
12054
12058
12063
12092
12092
12119
12123
12143
12144
12149
12163
12165
12178
12179
12186
12218
12218
12218
12235
12245
12256
12269
12272
12285
12286
12289
12292
12292
12302
12307
12307
12320
12320
12324
12333
12335
12345
12350
12373
12374
12399
12406
12423
12437
12442
12447
12484
12486
12508
12509
12510
12529
12556
12557
12559
12577
12580
12587
12589
12595
12601
12601
12607
12612
12629
12639
12655
12661
12698
12700
12700
12712
12717
12718
12732
12733
12733
12740
12742
12743
12753
12759
12766
12772
12772
12775
12777
12787
12806
12830
12841
12844
12863
12875
12881
12887
12905
12914
12914
12915
12924
12931
12933
12941
12956
12961
12963
12974
12985
12999
13009
13016
13024
13032
13038
13042
13050
13063
13088
13091
13092
13093
13096
13100
13134
13137
13137
13139
13143
13151
13157
13158
13161
13167
13178
13182
13200
13228
13235
13240
13242
13253
13261
13268
13298
13298
13317
13321
13341
13349
13356
13361
13363
13365
13368
13368
13381
13382
13388
13419
13421
13422
13430
13432
13432
13437
13445
13469
13473
13479
13487
13490
13490
13490
13498
13507
13521
13523
13542
13559
13561
13563
13565
13569
13576
13579
13588
13591
13601
13602
13603
13611
13617
13627
13631
13639
13649
13652
13657
13662
13667
13672
13688
13700
13700
13726
13743
13767
13767
13782
13788
13797
13827
13842
13844
13845
13855
13883
13893
13895
13896
13896
13898
13910
13916
13919
13957
13967
13973
13975
13976
13979
13980
13996
14002
14023
14034
14047
14048
14051
14061
14068
14069
14080
14088
14107
14118
14133
14137
14138
14141
14143
14143
14147
14151
14151
14157
14165
14172
14176
14183
14191
14202
14215
14223
14226
14231
14231
14240
14245
14248
14267
14270
14274
14279
14281
14281
14294
14303
14316
14319
14327
14350
14374
14388
14389
14395
14404
14428
14443
14443
14447
14457
14481
14486
14486
14486
14495
14505
14513
14514
14516
14524
14534
14538
14545
14547
14549
14551
14552
14555
14566
14568
14580
14590
14591
14602
14612
14619
14627
14628
14629
14649
14659
14673
14676
14676
14690
14714
14723
14726
14727
14727
14731
14741
14749
14753
14753
14758
14807
14827
14833
14835
14848
14850
14853
14861
14861
14863
14869
14896
14897
14899
14910
14915
14925
14927
14945
14946
14946
14946
14955
14967
14972
14973
14992
15005
15006
15010
15023
15029
15075
15091
15097
15108
15120
15120
15136
15143
15145
15146
15155
15166
15187
15189
15210
15216
15240
15242
15252
15277
15279
15295
15297
15314
15321
15324
15331
15347
15351
15360
15362
15365
15367
15384
15387
15390
15398
15422
15424
15433
15433
15434
15447
15450
15452
15477
15480
15487
15508
15519
15544
15553
15562
15568
15580
15582
15585
15591
15597
15608
15617
15624
15636
15651
15659
15666
15673
15696
15701
15703
15709
15729
15733
15741
15744
15749
15751
15772
15778
15778
15790
15809
15810
15820
15830
15831
15833
15841
15846
15853
15868
15879
15895
15896
15911
15922
15931
15949
15955
15956
15957
15969
15981
15984
15987
15988
15995
15996
15996
16010
16016
16032
16034
16046
16066
16069
16072
16106
16119
16120
16129
16139
16158
16177
16187
16190
16206
16210
16219
16231
16232
16248
16250
16255
16260
16267
16274
16285
16290
16299
16301
16318
16321
16331
16339
16349
16358
16363
16367
16371
16378
16386
16388
16390
16392
16392
16398
16400
16400
16405
16415
16425
16426
16466
16469
16483
16488
16492
16505
16518
16524
16534
16536
16539
16547
16552
16554
16589
16603
16612
16620
16622
16629
16641
16661
16664
16668
16669
16673
16682
16695
16704
16705
16708
16711
16713
16718
16730
16736
16747
16749
16749
16755
16766
16768
16774
16781
16798
16809
16816
16827
16837
16839
16842
16844
16854
16859
16860
16880
16887
16888
16897
16907
16909
16922
16926
16927
16934
16948
16956
16977
16980
16983
16988
16988
16993
16998
17001
17034
17034
17034
17040
17044
17046
17053
17066
17070
17075
17085
17091
17094
17096
17098
17120
17128
17134
17137
17139
17144
17150
17175
17176
17179
17187
17190
17196
17240
17261
17268
17270
17278
17288
17291
17303
17312
17317
17319
17324
17333
17352
17357
17371
17371
17375
17384
17385
17402
17404
17427
17431
17442
17442
17448
17454
17457
17459
17461
17463
17464
17465
17474
17474
17479
17483
17504
17508
17523
17525
17531
17531
17537
17545
17558
17587
17592
17600
17610
17613
17616
17622
17622
17636
17636
17640
17659
17659
17661
17664
17664
17670
17703
17730
17736
17743
17747
17755
17759
17760
17772
17779
17788
17794
17801
17807
17808
17811
17814
17817
17829
17829
17833
17834
17834
17835
17841
17854
17859
17867
17881
17895
17897
17925
17941
17941
17947
17977
17987
17995
17996
18011
18015
18017
18021
18028
18032
18043
18066
18071
18072
18079
18091
18091
18091
18105
18120
18121
18135
18160
18160
18166
18177
18178
18184
18189
18190
18192
18193
18201
18220
18223
18231
18239
18257
18280
18286
18350
18352
18353
18372
18391
18417
18420
18420
18432
18438
18439
18444
18444
18456
18456
18461
18464
18464
18466
18473
18502
18524
18526
18526
18538
18542
18552
18554
18567
18611
18612
18638
18643
18656
18661
18668
18673
18675
18679
18679
18680
18694
18703
18717
18719
18752
18754
18757
18761
18774
18777
18785
18791
18792
18792
18794
18795
18817
18820
18839
18841
18850
18850
18859
18862
18863
18864
18868
18880
18885
18889
18897
18905
18916
18921
18922
18924
18952
18962
18974
18978
18979
18989
18998
19035
19037
19043
19046
19047
19050
19062
19063
19069
19072
19081
19089
19090
19102
19108
19116
19122
19123
19135
19136
19142
19145
19154
19184
19185
19197
19204
19222
19232
19235
19240
19260
19264
19268
19278
19288
19299
19309
19314
19325
19327
19332
19333
19336
19347
19355
19361
19367
19386
19405
19429
19446
19450
19451
19451
19452
19464
19475
19478
19503
19504
19518
19525
19534
19538
19564
19574
19578
19583
19599
19605
19611
19622
19642
19652
19654
19656
19658
19665
19666
19670
19675
19684
19685
19700
19726
19726
19727
19733
19743
19755
19756
19757
19761
19773
19773
19774
19791
19795
19808
19828
19832
19857
19865
19877
19893
19896
19897
19929
19953
19960
19969
19973
19989
19991
19998
20005
20012
20022
20027
20043
20043
20050
20064
20070
20082
20085
20088
20089
20097
20099
20111
20113
20113
20119
20122
20125
20128
20131
20138
20154
20155
20160
20173
20187
20212
20212
20215
20225
20229
20238
20241
20242
20252
20256
20302
20302
20304
20311
20331
20352
20359
20365
20366
20367
20391
20395
20395
20399
20403
20411
20411
20413
20420
20421
20439
20443
20472
20473
20503
20505
20511
20514
20519
20529
20545
20549
20550
20551
20564
20568
20583
20584
20594
20601
20601
20627
20635
20637
20646
20656
20667
20669
20669
20669
20672
20673
20694
20704
20704
20716
20716
20717
20724
20726
20740
20746
20753
20755
20756
20781
20791
20797
20798
20814
20828
20832
20837
20844
20848
20851
20855
20857
20860
20871
20876
20879
20902
20912
20921
20922
20929
20932
20935
20941
20950
20954
20955
20960
20982
20985
21002
21020
21021
21022
21034
21049
21052
21059
21065
21068
21071
21074
21098
21116
21183
21188
21190
21216
21229
21257
21268
21269
21280
21282
21303
21307
21325
21333
21350
21351
21351
21361
21394
21410
21413
21415
21421
21441
21448
21448
21454
21457
21479
21487
21492
21493
21493
21510
21512
21522
21528
21529
21533
21558
21566
21567
21578
21579
21587
21597
21601
21602
21606
21612
21615
21620
21630
21640
21651
21656
21660
21665
21667
21679
21711
21718
21722
21726
21740
21747
21748
21749
21758
21762
21768
21769
21778
21783
21790
21796
21810
21811
21813
21831
21846
21857
21864
21873
21887
21888
21895
21901
21930
21947
21949
21961
21968
21968
21974
21975
21989
21999
22000
22005
22009
22011
22028
22028
22032
22033
22044
22051
22066
22076
22093
22098
22098
22102
22107
22112
22142
22145
22153
22164
22177
22179
22186
22209
22212
22216
22232
22240
22258
22260
22279
22287
22294
22296
22296
22309
22317
22333
22334
22337
22339
22341
22352
22355
22355
22364
22365
22384
22385
22392
22409
22422
22426
22444
22446
22455
22461
22469
22478
22487
22529
22532
22542
22548
22551
22553
22556
22567
22575
22584
22610
22613
22620
22623
22627
22637
22641
22652
22679
22702
22702
22703
22708
22708
22711
22730
22744
22747
22762
22771
22773
22804
22811
22811
22817
22819
22835
22835
22840
22846
22854
22854
22855
22857
22858
22863
22869
22873
22873
22875
22880
22886
22893
22912
22921
22923
22930
22936
22941
22945
22948
22955
22955
22958
22958
22967
22970
22975
22981
22982
22991
23006
23007
23024
23026
23030
23038
23041
23051
23064
23081
23085
23091
23097
23112
23114
23122
23137
23145
23149
23156
23162
23172
23183
23192
23194
23206
23220
23227
23235
23240
23265
23272
23274
23291
23293
23299
23302
23312
23316
23322
23324
23327
23334
23340
23341
23347
23348
23364
23364
23401
23408
23409
23425
23431
23441
23441
23448
23473
23477
23486
23491
23492
23498
23509
23532
23538
23546
23557
23559
23571
23575
23575
23579
23579
23581
23589
23605
23618
23636
23639
23649
23653
23671
23671
23683
23706
23710
23711
23719
23726
23750
23760
23765
23771
23778
23787
23789
23797
23806
23807
23807
23825
23842
23846
23848
23849
23851
23851
23855
23856
23879
23893
23897
23898
23909
23930
23934
23938
23939
23943
23949
23951
23980
23997
24000
24003
24013
24040
24065
24069
24076
24081
24097
24104
24107
24120
24130
24131
24138
24152
24154
24156
24159
24159
24164
24168
24171
24175
24176
24188
24210
24212
24224
24225
24225
24266
24271
24277
24278
24279
24280
24281
24302
24314
24329
24334
24336
24339
24345
24352
24352
24357
24359
24361
24364
24375
24379
24389
24402
24407
24415
24431
24439
24453
24454
24454
24471
24484
24485
24491
24512
24522
24527
24535
24549
24570
24579
24580
24591
24602
24611
24614
24624
24639
24641
24652
24656
24658
24695
24704
24715
24720
24721
24747
24751
24752
24769
24771
24810
24813
24814
24816
24820
24824
24849
24867
24873
24880
24882
24882
24888
24888
24893
24926
24930
24932
24944
24952
24960
24972
24982
24994
25002
25005
25015
25019
25033
25035
25044
25045
25056
25058
25063
25071
25073
25084
25101
25109
25134
25159
25172
25174
25175
25198
25229
25243
25243
25251
25261
25270
25284
25290
25303
25308
25311
25347
25352
25371
25382
25396
25397
25426
25429
25433
25443
25451
25457
25460
25470
25486
25498
25501
25503
25504
25510
25513
25516
25538
25549
25556
25577
25578
25584
25592
25597
25606
25613
25630
25632
25634
25634
25640
25657
25665
25677
25683
25693
25695
25699
25707
25715
25731
25756
25758
25761
25768
25775
25776
25790
25813
25832
25837
25883
25893
25895
25896
25908
25934
25935
25940
25941
25942
25944
25946
25953
25958
25958
25977
25989
25991
25997
26006
26026
26031
26033
26059
26065
26065
26073
26075
26078
26097
26103
26108
26121
26128
26128
26128
26131
26139
26148
26173
26184
26190
26192
26196
26217
26220
26221
26225
26235
26254
26256
26262
26263
26266
26294
26300
26310
26327
26336
26337
26341
26350
26353
26361
26369
26372
26375
26377
26381
26381
26402
26408
26414
26430
26434
26448
26452
26457
26463
26463
26466
26471
26480
26482
26484
26490
26500
26531
26542
26550
26557
26561
26563
26565
26573
26580
26581
26583
26587
26592
26594
26601
26604
26609
26615
26617
26621
26625
26629
26630
26649
26661
26666
26675
26735
26738
26751
26752
26758
26759
26763
26791
26804
26804
26810
26812
26833
26838
26842
26871
26911
26939
26940
26943
26950
26960
26960
26965
26969
26984
26988
27001
27007
27015
27015
27019
27022
27037
27044
27060
27073
27073
27081
27087
27096
27111
27115
27127
27137
27144
27145
27156
27158
27162
27178
27229
27237
27248
27252
27254
27267
27273
27286
27289
27306
27312
27315
27316
27330
27346
27347
27352
27370
27373
27382
27402
27405
27416
27428
27428
27440
27441
27442
27463
27465
27471
27472
27473
27490
27491
27493
27506
27513
27520
27532
27554
27564
27564
27572
27575
27578
27587
27634
27640
27643
27644
27671
27690
27702
27711
27728
27731
27732
27735
27748
27758
27782
27782
27790
27813
27822
27824
27825
27855
27857
27857
27870
27872
27884
27913
27930
27941
27961
27968
27973
27984
27987
28003
28008
28012
28017
28018
28024
28033
28035
28043
28074
28091
28093
28102
28110
28112
28127
28127
28141
28141
28142
28144
28149
28153
28153
28164
28227
28230
28231
28277
28285
28290
28294
28296
28298
28300
28321
28326
28331
28345
28346
28351
28351
28355
28363
28371
28398
28437
28437
28446
28458
28468
28487
28488
28492
28531
28537
28544
28547
28556
28559
28561
28587
28614
28616
28625
28626
28632
28649
28650
28656
28680
28681
28691
28698
28700
28711
28715
28716
28717
28719
28731
28739
28741
28748
28767
28777
28794
28803
28821
28838
28842
28844
28847
28857
28868
28876
28878
28883
28890
28903
28921
28922
28932
28942
28962
28976
28986
28988
28988
28997
29006
29023
29024
29027
29032
29032
29035
29038
29050
29068
29070
29090
29120
29121
29121
29141
29141
29150
29176
29185
29186
29191
29203
29204
29227
29231
29235
29236
29236
29251
29252
29265
29282
29286
29292
29292
29296
29324
29330
29336
29341
29359
29371
29379
29396
29416
29421
29427
29448
29455
29463
29464
29466
29467
29473
29473
29478
29543
29548
29561
29563
29570
29578
29602
29610
29610
29617
29619
29619
29626
29633
29638
29640
29649
29652
29661
29661
29674
29677
29715
29733
29752
29754
29764
29764
29768
29768
29777
29782
29805
29805
29812
29816
29819
29831
29831
29834
29849
29859
29878
29880
29895
29896
29898
29900
29904
29913
29919
29925
29938
29951
29952
29956
29963
29981
29991
29995
29995
29997
30002
30008
30010
30030
30035
30042
30043
30048
30052
30058
30058
30076
30084
30085
30087
30099
30109
30113
30115
30121
30127
30147
30148
30160
30162
30166
30170
30171
30186
30193
30220
30239
30245
30249
30250
30281
30283
30290
30297
30305
30309
30318
30323
30324
30337
30362
30368
30373
30375
30377
30379
30383
30387
30418
30425
30430
30434
30437
30443
30457
30461
30467
30468
30475
30484
30484
30489
30544
30548
30548
30553
30557
30562
30573
30578
30583
30584
30587
30591
30594
30603
30610
30627
30661
30669
30679
30685
30687
30688
30691
30693
30694
30712
30717
30730
30764
30767
30768
30776
30796
30802
30819
30827
30827
30832
30860
30869
30879
30891
30893
30893
30899
30902
30906
30908
30909
30914
30923
30928
30930
30948
30951
30952
30956
30959
30963
30975
30984
30984
30994
31006
31009
31017
31040
31041
31053
31055
31075
31079
31080
31082
31085
31099
31102
31104
31105
31108
31116
31126
31142
31151
31162
31165
31167
31185
31187
31198
31199
31237
31243
31248
31262
31264
31289
31296
31304
31341
31343
31345
31352
31368
31374
31398
31438
31443
31446
31448
31458
31458
31470
31483
31499
31500
31501
31508
31518
31523
31524
31528
31534
31550
31554
31563
31571
31587
31593
31598
31601
31604
31607
31621
31623
31625
31634
31643
31654
31676
31681
31686
31687
31691
31695
31703
31714
31724
31738
31740
31745
31746
31750
31753
31758
31773
31776
31777
31782
31801
31804
31809
31809
31814
31818
31818
31819
31823
31823
31827
31838
31841
31843
31845
31851
31855
31856
31857
31857
31857
31865
31866
31875
31893
31894
31910
31917
31921
31921
31934
31941
31966
31984
31987
31992
31996
31998
31998
32001
32010
32011
32016
32039
32081
32094
32101
32111
32112
32113
32113
32133
32153
32157
32160
32162
32172
32212
32214
32215
32216
32227
32228
32245
32250
32251
32257
32259
32274
32282
32324
32328
32333
32339
32355
32382
32384
32396
32398
32404
32405
32418
32436
32453
32453
32458
32477
32481
32487
32489
32492
32494
32499
32500
32503
32514
32515
32516
32519
32525
32526
32529
32529
32535
32545
32551
32562
32589
32590
32591
32613
32617
32619
32622
32629
32636
32646
32646
32662
32662
32684
32690
32707
32719
32725
32738
32745
32748
32758
