16
45
49
58
59
62
65
80
84
100
104
104
106
116
119
119
122
126
136
143
147
152
172
188
189
192
193
198
210
216
218
248
248
259
262
265
274
286
296
296
303
303
315
336
345
349
352
368
373
373
374
381
393
401
402
412
413
414
420
427
430
444
459
467
476
476
495
498
500
516
536
543
560
562
574
575
576
589
589
598
611
626
636
670
680
686
688
722
735
736
740
761
767
785
786
788
789
790
795
801
803
804
806
807
811
845
847
857
863
864
882
899
902
904
906
909
928
938
951
963
978
982
989
992
1004
1006
1012
1034
1050
1052
1068
1081
1085
1086
1090
1105
1105
1122
1125
1140
1141
1143
1165
1165
1168
1175
1186
1194
1198
1198
1205
1207
1214
1220
1234
1243
1245
1249
1261
1265
1268
1272
1275
1294
1301
1321
1323
1324
1332
1340
1342
1350
1352
1353
1354
1366
1375
1375
1376
1402
1420
1421
1427
1449
1466
1468
1499
1504
1504
1504
1507
1514
1516
1518
1524
1534
1534
1535
1537
1559
1561
1578
1587
1587
1592
1606
1610
1611
1612
1617
1619
1634
1648
1678
1680
1697
1700
1722
1745
1746
1759
1768
1777
1779
1791
1803
1812
1816
1818
1820
1832
1839
1845
1850
1867
1867
1887
1892
1893
1904
1912
1916
1917
1930
1944
1955
1955
1957
1969
1975
1980
1994
1997
2001
2011
2014
2020
2031
2034
2038
2039
2062
2064
2073
2074
2089
2089
2117
2120
2120
2122
2124
2132
2133
2140
2146
2149
2150
2151
2162
2168
2180
2210
2219
2232
2244
2249
2259
2266
2271
2278
2279
2295
2304
2314
2331
2355
2359
2371
2395
2399
2417
2419
2421
2446
2452
2454
2455
2457
2457
2464
2473
2474
2474
2482
2489
2516
2517
2523
2527
2528
2530
2540
2544
2545
2546
2566
2568
2573
2576
2606
2608
2609
2611
2619
2631
2634
2636
2636
2696
2698
2703
2726
2734
2737
2748
2753
2754
2780
2784
2788
2792
2805
2814
2816
2819
2820
2825
2833
2839
2852
2866
2868
2887
2892
2908
2928
2941
2949
2956
2982
2985
2985
2988
2992
2995
2997
3006
3008
3021
3028
3036
3059
3071
3080
3087
3095
3103
3109
3125
3136
3140
3152
3157
3176
3176
3177
3183
3189
3196
3222
3233
3234
3237
3254
3259
3259
3262
3262
3263
3283
3304
3306
3310
3322
3329
3329
3338
3349
3377
3398
3431
3435
3436
3440
3442
3445
3447
3449
3455
3460
3461
3463
3465
3468
3473
3495
3500
3501
3506
3513
3527
3543
3543
3547
3552
3569
3574
3594
3608
3630
3641
3651
3663
3672
3677
3679
3684
3694
3726
3730
3740
3743
3750
3767
3774
3777
3780
3782
3789
3798
3804
3806
3810
3820
3820
3823
3826
3835
3873
3877
3882
3890
3898
3902
3910
3911
3920
3923
3924
3940
3950
3952
3959
3964
3974
3986
4002
4014
4018
4020
4024
4027
4027
4031
4064
4064
4067
4082
4094
4096
4099
4104
4132
4139
4140
4140
4141
4149
4153
4161
4162
4174
4192
4192
4193
4197
4198
4198
4231
4240
4241
4267
4269
4291
4292
4298
4307
4331
4334
4334
4336
4341
4349
4350
4353
4354
4376
4383
4384
4388
4392
4413
4419
4420
4421
4423
4429
4438
4448
4470
4475
4493
4505
4507
4514
4515
4521
4522
4524
4532
4533
4536
4537
4546
4554
4558
4567
4569
4588
4589
4593
4597
4611
4616
4625
4630
4639
4639
4643
4686
4697
4704
4704
4720
4721
4725
4745
4750
4752
4763
4775
4781
4785
4792
4794
4805
4808
4815
4816
4828
4833
4845
4845
4852
4856
4857
4867
4875
4880
4880
4897
4898
4901
4902
4905
4924
4926
4932
4936
4945
4953
4959
4966
4969
4975
4991
5044
5045
5045
5059
5076
5089
5092
5096
5107
5107
5112
5126
5128
5128
5135
5135
5161
5169
5170
5180
5182
5223
5232
5236
5240
5249
5256
5262
5262
5270
5285
5294
5303
5305
5311
5322
5329
5334
5339
5347
5351
5363
5419
5435
5436
5456
5463
5465
5466
5467
5476
5484
5487
5489
5494
5507
5510
5513
5513
5527
5535
5540
5554
5565
5592
5593
5595
5608
5609
5614
5620
5626
5628
5635
5638
5652
5659
5665
5667
5698
5726
5731
5732
5735
5764
5774
5778
5781
5791
5815
5817
5817
5818
5819
5830
5864
5892
5902
5903
5905
5908
5911
5916
5931
5939
5941
5941
5943
5945
5951
5954
5969
5975
5977
5980
5985
5986
5987
5989
5992
5994
6005
6010
6048
6050
6054
6070
6071
6081
6095
6101
6109
6111
6126
6132
6137
6144
6149
6160
6160
6163
6172
6186
6195
6196
6234
6244
6247
6263
6272
6273
6287
6299
6300
6300
6302
6311
6311
6311
6312
6318
6327
6346
6361
6371
6375
6378
6382
6387
6395
6398
6418
6427
6433
6438
6442
6449
6453
6454
6474
6495
6505
6510
6523
6528
6530
6533
6555
6578
6579
6579
6582
6585
6591
6596
6600
6608
6620
6628
6636
6641
6646
6652
6675
6680
6697
6699
6708
6709
6718
6722
6729
6741
6750
6761
6768
6772
6787
6788
6806
6807
6815
6833
6836
6847
6871
6873
6875
6876
6903
6906
6911
6917
6924
6931
6942
6943
6953
6956
6980
6993
6998
7019
7020
7021
7022
7036
7048
7058
7066
7072
7086
7088
7088
7108
7115
7125
7133
7151
7161
7169
7178
7183
7187
7196
7199
7204
7209
7210
7214
7223
7225
7259
7262
7266
7284
7291
7293
7304
7306
7315
7317
7328
7335
7337
7337
7349
7352
7360
7393
7410
7414
7414
7416
7427
7430
7433
7447
7457
7472
7479
7481
7482
7488
7498
7502
7507
7516
7517
7528
7534
7551
7555
7564
7565
7579
7580
7625
7627
7637
7638
7645
7653
7662
7685
7695
7695
7696
7706
7709
7715
7717
7718
7720
7736
7744
7751
7767
7786
7788
7794
7797
7803
7814
7815
7828
7829
7841
7841
7856
7856
7858
7867
7877
7896
7909
7918
7919
7928
7937
7953
7960
7963
7968
7974
8002
8005
8007
8008
8009
8016
8017
8022
8024
8050
8070
8084
8091
8093
8101
8131
8157
8159
8162
8172
8173
8182
8204
8206
8217
8232
8244
8245
8245
8248
8257
8259
8263
8265
8285
8286
8288
8294
8301
8313
8315
8321
8341
8352
8364
8367
8370
8386
8393
8402
8412
8417
8419
8420
8454
8460
8467
8474
8481
8495
8511
8512
8517
8528
8531
8538
8555
8573
8574
8595
8616
8625
8630
8635
8637
8648
8653
8657
8660
8666
8669
8681
8685
8689
8695
8707
8714
8722
8725
8731
8732
8735
8736
8737
8738
8749
8750
8759
8759
8764
8777
8781
8783
8784
8785
8789
8797
8799
8806
8809
8811
8829
8846
8856
8864
8867
8869
8881
8888
8890
8893
8899
8899
8901
8904
8907
8913
8956
8958
8959
8994
9018
9019
9028
9038
9040
9043
9049
9053
9067
9069
9071
9078
9082
9111
9117
9119
9143
9146
9163
9163
9164
9178
9178
9187
9188
9192
9206
9210
9215
9216
9227
9229
9233
9238
9240
9249
9284
9298
9343
9344
9384
9385
9394
9394
9399
9410
9420
9420
9421
9454
9455
9455
9470
9478
9487
9493
9520
9550
9556
9565
9574
9580
9585
9591
9597
9604
9612
9619
9624
9626
9628
9635
9643
9657
9657
9663
9668
9668
9670
9672
9684
9686
9690
9693
9694
9699
9703
9709
9709
9711
9716
9720
9727
9728
9732
9733
9736
9736
9737
9738
9746
9761
9770
9775
9791
9793
9796
9798
9798
9802
9810
9822
9831
9842
9843
9848
9855
9855
9862
9870
9888
9891
9907
9918
9918
9930
9937
9958
9977
9990
9996
10006
10018
10022
10023
10031
10036
10037
10051
10051
10054
10063
10068
10068
10070
10075
10075
10076
10076
10084
10099
10103
10111
10130
10132
10152
10155
10169
10178
10183
10185
10193
10197
10231
10232
10245
10255
10256
10265
10266
10275
10279
10280
10284
10286
10287
10290
10293
10304
10304
10309
10318
10336
10347
10353
10358
10360
10370
10384
10405
10419
10425
10428
10433
10438
10449
10449
10474
10482
10488
10490
10491
10493
10517
10521
10529
10530
10530
10538
10557
10560
10566
10573
10582
10598
10600
10607
10608
10609
10610
10624
10630
10631
10635
10636
10653
10656
10657
10666
10684
10730
10746
10748
10758
10761
10764
10768
10772
10775
10781
10805
10811
10811
10811
10813
10814
10826
10829
10831
10831
10857
10866
10872
10881
10881
10882
10887
10889
10891
10907
10914
10923
10927
10954
10961
10968
10969
10974
10975
10976
10986
10994
10995
11001
11021
11033
11043
11050
11052
11062
11079
11081
11096
11107
11109
11111
11118
11120
11130
11145
11149
11156
11156
11159
11165
11176
11206
11236
11246
11248
11254
11280
11282
11288
11299
11301
11310
11315
11327
11333
11339
11355
11369
11372
11402
11431
11431
11435
11443
11450
11452
11454
11459
11468
11469
11477
11489
11499
11503
11520
11522
11534
11550
11551
11561
11590
11599
11612
11618
11628
11635
11655
11657
11704
11724
11732
11738
11776
11778
11785
11791
11807
11822
11827
11828
11836
11843
11856
11871
11873
11894
11906
11909
11920
11922
11938
11959
11991
12012
12021
12028
12038
12062
12074
12075
12076
12085
12094
12103
12125
12128
12143
12147
12151
12161
12164
12169
12171
12177
12185
12185
12188
12195
12204
12217
12220
12223
12229
12237
12237
12244
12244
12255
12258
12262
12263
12271
12297
12317
12324
12334
12337
12349
12350
12351
12361
12377
12388
12392
12401
12409
12425
12434
12435
12440
12467
12479
12483
12513
12527
12541
12543
12549
12552
12554
12559
12572
12573
12574
12580
12585
12601
12605
12608
12611
12617
12620
12647
12650
12654
12667
12699
12716
12725
12730
12748
12759
12765
12765
12771
12775
12799
12807
12811
12812
12820
12827
12831
12844
12846
12852
12856
12860
12866
12869
12875
12884
12900
12904
12906
12915
12916
12920
12923
12936
12944
12953
12980
12986
12994
12995
13002
13004
13015
13026
13027
13045
13049
13049
13049
13072
13072
13090
13095
13103
13104
13116
13118
13139
13143
13144
13157
13160
13170
13171
13189
13195
13198
13200
13217
13223
13233
13254
13257
13260
13261
13263
13269
13273
13273
13274
13275
13287
13291
13293
13296
13296
13298
13309
13323
13327
13340
13349
13352
13357
13364
13367
13368
13384
13395
13395
13397
13400
13401
13401
13404
13421
13421
13424
13424
13430
13439
13441
13451
13465
13479
13481
13483
13491
13492
13492
13496
13497
13505
13507
13531
13538
13539
13539
13552
13559
13590
13596
13612
13615
13620
13622
13625
13638
13644
13644
13649
13658
13659
13662
13663
13669
13670
13682
13695
13697
13700
13711
13716
13718
13719
13729
13733
13736
13757
13760
13763
13766
13778
13784
13793
13805
13812
13823
13826
13830
13834
13879
13881
13887
13890
13912
13914
13916
13923
13925
13925
13925
13944
13947
13951
13958
13968
13979
13982
13983
14001
14009
14018
14033
14047
14052
14054
14056
14058
14083
14090
14100
14103
14106
14109
14122
14141
14148
14166
14180
14186
14193
14197
14212
14213
14217
14219
14224
14241
14243
14248
14255
14257
14259
14274
14282
14286
14303
14308
14343
14347
14352
14354
14368
14370
14372
14375
14376
14399
14410
14416
14432
14432
14434
14447
14459
14482
14498
14503
14507
14514
14516
14526
14527
14529
14554
14555
14556
14568
14585
14585
14585
14594
14598
14601
14602
14626
14627
14629
14640
14659
14666
14667
14671
14677
14697
14730
14731
14734
14760
14771
14775
14777
14777
14784
14788
14789
14797
14798
14814
14830
14835
14837
14844
14847
14857
14866
14867
14867
14873
14890
14891
14899
14901
14902
14902
14912
14937
14939
14947
14956
14985
14989
14990
14997
15013
15018
15025
15030
15032
15041
15044
15044
15054
15059
15072
15077
15078
15085
15101
15111
15124
15140
15150
15161
15197
15206
15213
15222
15232
15253
15259
15261
15271
15290
15306
15313
15319
15329
15337
15366
15368
15372
15372
15375
15385
15393
15396
15397
15405
15408
15410
15410
15438
15452
15467
15476
15480
15484
15491
15498
15498
15500
15506
15522
15524
15526
15529
15529
15531
15531
15532
15539
15541
15548
15565
15566
15578
15590
15594
15605
15608
15611
15613
15617
15618
15620
15633
15648
15674
15680
15687
15703
15717
15729
15730
15738
15744
15744
15754
15755
15763
15764
15766
15780
15780
15782
15814
15825
15834
15852
15853
15867
15877
15895
15910
15934
15948
15963
15971
15976
15977
15986
16005
16009
16012
16021
16029
16045
16048
16050
16059
16062
16076
16080
16095
16104
16106
16108
16115
16134
16144
16151
16155
16173
16184
16201
16204
16209
16219
16232
16232
16245
16251
16273
16277
16305
16313
16335
16342
16345
16347
16349
16352
16384
16400
16403
16410
16411
16438
16441
16442
16457
16462
16466
16474
16503
16516
16550
16557
16558
16559
16575
16580
16591
16593
16596
16601
16615
16622
16623
16623
16632
16635
16640
16641
16645
16647
16648
16650
16652
16662
16692
16692
16705
16710
16718
16741
16745
16750
16752
16752
16762
16781
16784
16790
16804
16809
16812
16815
16816
16838
16839
16852
16853
16866
16872
16873
16873
16899
16908
16919
16925
16930
16930
16930
16931
16945
16963
16971
16979
16986
16993
16997
17015
17031
17052
17059
17077
17078
17094
17137
17148
17151
17154
17155
17159
17161
17186
17222
17225
17227
17238
17246
17246
17246
17254
17270
17271
17271
17272
17284
17286
17314
17322
17325
17326
17330
17334
17337
17337
17342
17353
17353
17370
17370
17391
17398
17399
17400
17402
17413
17414
17415
17415
17416
17424
17426
17438
17448
17459
17462
17463
17465
17479
17480
17498
17504
17510
17514
17521
17526
17536
17539
17539
17556
17558
17559
17580
17582
17582
17590
17590
17596
17599
17602
17602
17605
17612
17627
17637
17640
17642
17651
17656
17681
17682
17691
17692
17718
17739
17740
17750
17753
17764
17770
17775
17776
17783
17787
17788
17789
17812
17821
17827
17830
17849
17865
17880
17881
17885
17910
17918
17919
17927
17937
17955
17955
17956
17977
18007
18008
18023
18033
18037
18039
18040
18042
18044
18052
18057
18057
18071
18074
18082
18084
18100
18113
18132
18138
18138
18153
18156
18159
18166
18183
18203
18203
18204
18204
18208
18211
18215
18244
18245
18269
18276
18295
18300
18306
18319
18321
18325
18329
18337
18342
18349
18350
18353
18358
18368
18390
18396
18400
18402
18410
18421
18429
18438
18438
18439
18445
18456
18461
18470
18478
18480
18488
18488
18499
18504
18506
18507
18509
18512
18516
18518
18527
18531
18541
18547
18548
18554
18557
18581
18581
18590
18619
18619
18622
18623
18630
18685
18703
18703
18703
18704
18715
18721
18739
18740
18766
18792
18793
18798
18802
18802
18804
18812
18835
18839
18846
18859
18863
18863
18867
18869
18875
18880
18897
18919
18923
18933
18935
18940
18942
18945
18950
18953
18955
18958
18980
18988
19001
19003
19004
19053
19057
19062
19064
19073
19076
19087
19097
19107
19111
19126
19136
19149
19174
19183
19189
19193
19196
19200
19203
19204
19208
19214
19236
19252
19254
19266
19266
19279
19280
19287
19289
19291
19304
19306
19314
19325
19335
19339
19345
19346
19355
19366
19390
19398
19404
19426
19429
19446
19447
19450
19460
19462
19462
19465
19481
19484
19487
19490
19521
19585
19588
19609
19618
19628
19633
19634
19640
19641
19648
19656
19657
19674
19689
19696
19711
19725
19731
19758
19767
19774
19782
19783
19783
19795
19796
19805
19805
19808
19814
19816
19823
19835
19837
19851
19868
19879
19889
19890
19896
19897
19909
19915
19917
19940
19948
19951
19961
19967
19971
19972
19972
19975
19987
20043
20045
20045
20052
20057
20088
20089
20090
20092
20116
20136
20137
20145
20147
20150
20150
20157
20158
20179
20183
20193
20202
20211
20224
20238
20242
20258
20273
20277
20279
20284
20292
20299
20311
20326
20329
20338
20344
20352
20354
20359
20360
20360
20378
20380
20387
20400
20402
20426
20428
20472
20474
20475
20477
20496
20502
20508
20511
20512
20513
20523
20524
20531
20538
20540
20546
20559
20561
20565
20574
20577
20580
20610
20618
20620
20625
20628
20651
20660
20665
20665
20665
20680
20687
20691
20707
20720
20726
20771
20783
20786
20788
20804
20805
20806
20814
20831
20845
20848
20850
20862
20864
20880
20880
20884
20887
20915
20930
20933
20949
20952
20969
20979
20999
21005
21010
21022
21023
21034
21066
21078
21082
21087
21087
21123
21154
21157
21166
21173
21189
21191
21199
21210
21228
21232
21232
21236
21245
21255
21268
21279
21295
21308
21310
21310
21319
21320
21328
21331
21365
21368
21368
21373
21379
21395
21396
21401
21409
21420
21444
21449
21451
21451
21460
21465
21476
21492
21505
21509
21516
21519
21528
21534
21536
21542
21546
21559
21585
21588
21589
21593
21598
21601
21629
21639
21651
21654
21660
21663
21702
21710
21723
21732
21757
21768
21782
21792
21794
21806
21811
21819
21837
21838
21841
21874
21876
21885
21895
21910
21911
21917
21919
21937
21946
21953
21954
21954
21964
21969
21970
21983
21985
21992
21999
22007
22014
22017
22034
22046
22047
22056
22057
22059
22065
22065
22069
22076
22093
22096
22115
22115
22120
22128
22132
22136
22140
22153
22156
22158
22178
22179
22182
22189
22191
22201
22201
22203
22205
22207
22211
22213
22228
22232
22240
22254
22270
22277
22312
22314
22321
22345
22346
22348
22357
22361
22368
22374
22374
22375
22397
22419
22428
22443
22453
22461
22471
22504
22512
22515
22515
22536
22542
22546
22558
22577
22583
22620
22643
22661
22672
22686
22697
22704
22707
22720
22731
22739
22740
22751
22757
22763
22765
22775
22781
22782
22785
22785
22786
22787
22788
22789
22800
22806
22825
22827
22827
22832
22848
22854
22869
22896
22900
22905
22915
22915
22917
22918
22959
22982
22996
23022
23029
23038
23058
23058
23061
23098
23102
23106
23109
23112
23131
23140
23147
23152
23153
23168
23181
23231
23232
23249
23259
23269
23275
23278
23279
23279
23281
23287
23295
23299
23304
23306
23309
23324
23334
23338
23339
23341
23367
23390
23400
23410
23413
23419
23436
23438
23450
23464
23471
23472
23479
23481
23483
23488
23490
23506
23512
23521
23529
23534
23537
23548
23550
23562
23567
23570
23585
23598
23601
23603
23607
23609
23616
23623
23624
23626
23635
23651
23684
23695
23704
23709
23715
23727
23738
23743
23768
23782
23790
23812
23814
23827
23828
23837
23846
23852
23862
23864
23868
23876
23893
23900
23902
23906
23931
23938
23940
23944
23945
23952
23961
23963
23977
23980
23992
23994
24001
24005
24013
24020
24021
24026
24041
24042
24044
24059
24068
24081
24087
24087
24098
24115
24116
24116
24122
24125
24157
24178
24180
24184
24187
24194
24207
24243
24251
24269
24284
24294
24299
24306
24327
24336
24340
24342
24343
24344
24346
24352
24354
24363
24371
24376
24379
24381
24390
24404
24414
24415
24419
24428
24430
24441
24445
24503
24504
24525
24535
24544
24558
24570
24591
24601
24607
24612
24626
24629
24636
24652
24663
24669
24679
24683
24691
24715
24718
24720
24729
24735
24739
24739
24746
24759
24778
24802
24854
24856
24859
24862
24864
24867
24870
24881
24890
24896
24909
24916
24926
24969
24976
24980
24984
24988
24998
25000
25028
25043
25057
25057
25069
25071
25080
25093
25093
25111
25121
25131
25147
25150
25150
25157
25159
25160
25165
25174
25177
25190
25216
25217
25223
25225
25247
25250
25262
25278
25280
25288
25293
25310
25312
25316
25323
25326
25331
25336
25338
25338
25350
25355
25371
25371
25373
25386
25394
25396
25409
25412
25414
25418
25432
25447
25447
25452
25475
25478
25488
25494
25515
25527
25533
25540
25543
25544
25544
25581
25584
25587
25591
25593
25600
25600
25603
25608
25618
25629
25644
25650
25651
25659
25664
25666
25668
25670
25703
25713
25726
25748
25750
25769
25772
25788
25793
25798
25801
25807
25809
25811
25818
25822
25824
25840
25840
25841
25864
25866
25877
25882
25887
25897
25900
25900
25903
25915
25915
25918
25937
25938
25951
25952
25953
25955
25956
25960
25961
25962
25966
25975
25988
25990
25998
26004
26015
26023
26027
26029
26030
26032
26046
26056
26059
26060
26063
26067
26076
26076
26106
26118
26139
26165
26175
26180
26191
26195
26211
26236
26240
26250
26250
26252
26258
26301
26301
26304
26306
26308
26320
26324
26388
26391
26392
26395
26398
26399
26411
26418
26420
26424
26424
26430
26432
26438
26448
26452
26458
26471
26478
26489
26492
26520
26527
26556
26576
26595
26616
26620
26623
26634
26638
26668
26670
26673
26675
26682
26686
26686
26690
26694
26700
26702
26706
26712
26714
26714
26719
26729
26731
26744
26756
26761
26766
26772
26777
26781
26783
26798
26799
26816
26830
26845
26847
26847
26854
26866
26871
26881
26888
26898
26908
26924
26924
26925
26927
26936
26957
26960
26963
26963
26969
26979
26980
26981
26982
26993
27008
27013
27016
27017
27021
27041
27045
27060
27081
27098
27108
27109
27126
27139
27160
27177
27184
27186
27200
27202
27217
27218
27225
27226
27245
27265
27266
27278
27284
27291
27294
27324
27327
27337
27339
27355
27359
27410
27421
27426
27449
27456
27463
27464
27477
27486
27506
27516
27559
27560
27574
27581
27581
27581
27584
27604
27641
27643
27650
27663
27664
27670
27675
27676
27685
27685
27697
27709
27714
27719
27737
27738
27743
27744
27753
27760
27761
27770
27772
27773
27776
27795
27798
27798
27804
27808
27818
27819
27820
27828
27829
27834
27843
27849
27849
27853
27859
27861
27872
27875
27876
27889
27892
27895
27899
27908
27913
27923
27925
27927
27961
27962
27968
27970
27979
27986
27989
27994
28032
28033
28036
28043
28050
28087
28094
28128
28130
28147
28158
28162
28176
28181
28188
28193
28197
28210
28211
28214
28216
28220
28223
28225
28228
28243
28248
28252
28255
28256
28271
28308
28317
28329
28337
28365
28398
28415
28423
28432
28432
28463
28482
28510
28520
28528
28537
28539
28544
28547
28559
28560
28561
28562
28565
28570
28571
28582
28582
28595
28604
28605
28627
28656
28661
28663
28669
28682
28708
28710
28717
28722
28733
28745
28749
28756
28771
28781
28791
28794
28803
28829
28835
28845
28854
28889
28901
28920
28929
28942
28948
28948
28951
28956
28968
28995
29015
29017
29026
29042
29042
29043
29073
29075
29082
29092
29097
29098
29105
29108
29108
29115
29129
29159
29167
29176
29178
29181
29181
29192
29193
29207
29241
29254
29263
29270
29272
29284
29290
29292
29294
29301
29313
29320
29354
29355
29356
29360
29366
29374
29390
29394
29401
29405
29418
29434
29442
29457
29462
29481
29484
29510
29514
29516
29521
29537
29548
29551
29562
29563
29568
29577
29580
29582
29583
29584
29587
29588
29597
29604
29606
29623
29650
29656
29660
29662
29662
29695
29700
29707
29725
29729
29737
29744
29745
29746
29747
29747
29753
29754
29762
29785
29791
29801
29801
29813
29814
29829
29844
29853
29861
29861
29864
29865
29883
29885
29889
29896
29917
29940
29951
29952
29953
29968
29973
29979
29984
29986
29989
30009
30012
30013
30031
30040
30050
30055
30067
30073
30084
30091
30101
30106
30109
30113
30115
30117
30145
30169
30170
30172
30174
30190
30206
30221
30235
30239
30242
30265
30287
30292
30308
30329
30331
30333
30333
30338
30345
30347
30349
30352
30353
30390
30390
30392
30403
30411
30414
30416
30424
30424
30463
30466
30466
30467
30469
30471
30479
30485
30500
30502
30504
30505
30527
30536
30546
30552
30568
30570
30577
30589
30590
30607
30609
30613
30652
30653
30658
30669
30680
30681
30695
30714
30724
30732
30739
30740
30741
30747
30771
30775
30791
30801
30811
30817
30817
30821
30826
30829
30830
30836
30838
30857
30861
30867
30869
30875
30880
30884
30884
30904
30909
30914
30932
30939
30943
30950
30962
30965
30966
30993
30999
31000
31002
31004
31007
31012
31013
31028
31053
31055
31067
31073
31081
31084
31086
31119
31126
31130
31133
31141
31146
31149
31167
31168
31205
31218
31238
31243
31244
31266
31293
31308
31321
31336
31337
31341
31342
31360
31360
31362
31366
31367
31386
31395
31421
31423
31435
31438
31439
31443
31486
31489
31492
31506
31507
31515
31525
31532
31543
31553
31553
31560
31569
31619
31656
31675
31678
31688
31700
31713
31714
31734
31744
31762
31763
31775
31781
31781
31788
31789
31801
31803
31809
31814
31823
31836
31842
31846
31849
31850
31854
31855
31871
31884
31891
31892
31895
31895
31900
31925
31929
31931
31934
31934
31936
31941
31943
31947
31954
32009
32009
32011
32015
32026
32028
32032
32043
32047
32059
32085
32099
32103
32103
32119
32144
32153
32159
32164
32175
32183
32183
32195
32212
32220
32232
32242
32244
32248
32249
32250
32274
32275
32279
32281
32285
32308
32310
32329
32336
32350
32355
32363
32388
32393
32395
32412
32419
32431
32433
32435
32441
32445
32446
32454
32459
32462
32496
32501
32512
32525
32526
32527
32537
32546
32546
32546
32547
32558
32584
32584
32592
32593
32596
32597
32597
32599
32601
32601
32602
32610
32615
32622
32624
32626
32635
32648
32662
32669
32681
32709
32717
32725
32725
32750
32762
