1
22
22
23
24
33
37
41
79
84
96
98
104
116
123
129
137
149
154
164
168
177
177
198
204
245
259
271
273
275
278
305
313
325
325
334
339
341
346
353
355
373
386
387
388
393
407
412
413
416
421
436
443
447
463
470
473
474
483
491
491
501
501
504
523
531
535
557
564
573
589
605
612
635
636
636
641
648
656
659
685
694
715
716
716
724
734
746
746
759
768
769
779
795
796
799
810
818
822
822
841
842
845
846
865
880
893
894
903
918
934
934
951
955
962
966
971
976
992
999
1009
1021
1032
1039
1040
1041
1048
1052
1052
1054
1055
1082
1083
1097
1107
1114
1125
1134
1144
1152
1154
1175
1178
1179
1185
1194
1197
1199
1200
1204
1205
1233
1242
1247
1258
1259
1263
1292
1295
1308
1335
1336
1336
1363
1397
1398
1409
1414
1416
1425
1427
1438
1449
1456
1461
1473
1494
1497
1499
1500
1510
1529
1530
1547
1551
1557
1558
1563
1569
1571
1572
1577
1587
1593
1594
1603
1605
1609
1633
1640
1641
1669
1671
1673
1679
1679
1681
1683
1683
1697
1711
1733
1741
1756
1760
1768
1782
1793
1794
1797
1799
1801
1806
1808
1816
1821
1834
1839
1854
1856
1858
1866
1914
1919
1922
1942
1950
1960
1967
1968
1984
1984
1991
1993
1998
2020
2021
2022
2034
2057
2076
2080
2087
2093
2119
2136
2139
2143
2148
2157
2159
2163
2164
2170
2179
2190
2191
2206
2209
2218
2220
2221
2225
2226
2232
2239
2239
2240
2253
2270
2280
2283
2284
2291
2305
2308
2316
2322
2329
2343
2346
2353
2355
2357
2418
2422
2425
2429
2434
2438
2445
2466
2467
2468
2473
2474
2476
2477
2488
2493
2501
2504
2516
2521
2522
2526
2527
2531
2562
2563
2563
2578
2579
2582
2584
2589
2632
2632
2633
2639
2641
2644
2667
2673
2693
2709
2746
2763
2768
2777
2780
2782
2790
2791
2795
2808
2825
2826
2835
2838
2861
2862
2875
2893
2904
2907
2914
2920
2921
2927
2934
2935
2940
2944
2944
2951
2968
2971
3001
3005
3011
3030
3081
3089
3101
3106
3120
3146
3157
3159
3161
3172
3182
3186
3211
3228
3234
3255
3260
3272
3276
3296
3302
3309
3310
3321
3327
3330
3354
3360
3369
3380
3387
3401
3402
3409
3417
3420
3441
3449
3456
3462
3482
3487
3500
3500
3509
3512
3544
3554
3561
3564
3567
3571
3571
3579
3596
3609
3629
3634
3648
3659
3684
3691
3696
3698
3710
3713
3719
3731
3743
3759
3760
3785
3791
3798
3827
3834
3842
3844
3849
3852
3866
3870
3878
3889
3897
3900
3911
3912
3914
3915
3915
3918
3925
3926
3954
3978
3980
3982
3988
3993
4022
4022
4030
4033
4037
4039
4041
4046
4051
4067
4085
4085
4097
4106
4109
4109
4114
4117
4127
4129
4140
4147
4152
4161
4170
4183
4185
4187
4188
4197
4213
4221
4223
4229
4230
4236
4247
4249
4254
4261
4283
4291
4296
4309
4317
4324
4326
4333
4340
4347
4355
4356
4371
4385
4391
4392
4398
4400
4404
4426
4435
4480
4481
4489
4489
4489
4492
4503
4510
4510
4516
4523
4523
4534
4555
4558
4562
4563
4569
4575
4593
4594
4610
4621
4621
4641
4650
4654
4656
4658
4661
4664
4686
4689
4703
4717
4728
4743
4755
4771
4780
4780
4785
4804
4807
4809
4822
4824
4825
4827
4838
4842
4850
4891
4892
4909
4916
4916
4941
4954
4963
4963
4983
4993
5002
5003
5012
5017
5019
5023
5026
5029
5059
5061
5065
5076
5094
5099
5110
5111
5112
5116
5117
5124
5124
5132
5132
5140
5151
5157
5158
5166
5174
5176
5192
5208
5242
5257
5273
5279
5281
5287
5291
5293
5313
5325
5331
5338
5349
5357
5367
5388
5390
5398
5405
5414
5454
5460
5468
5472
5474
5480
5495
5497
5505
5522
5566
5567
5572
5573
5573
5580
5583
5587
5589
5590
5598
5614
5619
5624
5631
5636
5639
5642
5642
5647
5657
5681
5683
5697
5707
5714
5715
5751
5771
5773
5777
5784
5802
5832
5839
5847
5858
5866
5869
5872
5883
5887
5887
5920
5923
5929
5929
5933
5937
5947
5947
5961
5964
5971
5971
5992
5994
6000
6016
6019
6026
6046
6052
6053
6054
6060
6062
6063
6078
6081
6082
6084
6091
6092
6096
6099
6111
6135
6141
6142
6147
6157
6181
6195
6209
6210
6216
6220
6221
6226
6232
6238
6239
6242
6249
6252
6280
6300
6305
6305
6341
6342
6342
6368
6368
6385
6395
6404
6412
6412
6413
6422
6442
6443
6467
6472
6482
6482
6503
6504
6519
6532
6558
6561
6575
6577
6584
6584
6591
6623
6623
6632
6645
6649
6671
6673
6700
6702
6705
6714
6733
6745
6745
6747
6752
6756
6765
6774
6780
6791
6811
6814
6815
6834
6844
6852
6858
6863
6863
6864
6865
6868
6868
6885
6904
6919
6944
6968
6970
6985
7008
7011
7011
7018
7027
7040
7046
7048
7064
7066
7106
7107
7131
7139
7152
7157
7161
7163
7164
7168
7177
7178
7196
7201
7218
7219
7222
7228
7256
7271
7272
7275
7278
7287
7291
7294
7314
7337
7347
7363
7372
7375
7375
7375
7380
7390
7423
7431
7468
7470
7472
7486
7507
7508
7518
7519
7526
7536
7545
7548
7549
7559
7565
7567
7567
7568
7568
7582
7589
7590
7592
7604
7613
7615
7619
7620
7620
7621
7626
7629
7642
7648
7649
7650
7650
7656
7657
7662
7680
7682
7683
7685
7698
7700
7711
7713
7726
7733
7760
7761
7762
7768
7772
7773
7774
7778
7782
7791
7796
7798
7798
7799
7819
7823
7836
7850
7852
7856
7873
7875
7882
7918
7919
7922
7924
7930
7953
7957
7985
8009
8017
8037
8043
8053
8061
8061
8061
8071
8080
8095
8097
8116
8124
8137
8149
8153
8154
8163
8174
8176
8183
8186
8187
8207
8209
8219
8235
8250
8252
8273
8279
8286
8291
8296
8297
8301
8310
8311
8323
8345
8352
8352
8357
8360
8362
8362
8364
8368
8368
8372
8378
8390
8397
8399
8432
8433
8440
8445
8452
8454
8505
8530
8543
8547
8551
8554
8564
8566
8575
8585
8585
8596
8609
8620
8622
8626
8634
8640
8665
8673
8710
8714
8716
8716
8719
8722
8730
8751
8767
8772
8775
8790
8794
8811
8821
8836
8838
8840
8843
8885
8888
8890
8903
8935
8936
8939
8946
8947
8953
8959
8963
8991
8991
8991
9016
9018
9020
9023
9030
9037
9052
9060
9068
9069
9082
9084
9097
9104
9104
9108
9112
9113
9117
9120
9129
9129
9141
9145
9151
9165
9169
9174
9174
9178
9193
9216
9224
9241
9270
9271
9283
9292
9299
9307
9308
9324
9345
9350
9383
9391
9407
9408
9424
9435
9438
9447
9451
9461
9481
9487
9499
9510
9515
9519
9522
9526
9530
9546
9549
9553
9554
9570
9571
9585
9626
9647
9650
9652
9659
9675
9681
9685
9695
9696
9696
9698
9727
9727
9750
9755
9758
9761
9773
9773
9777
9782
9784
9795
9801
9801
9820
9843
9869
9872
9894
9910
9912
9924
9947
9956
9961
9962
9973
9978
9980
9992
9993
9996
10005
10012
10014
10020
10025
10039
10054
10055
10056
10059
10062
10071
10071
10072
10079
10082
10084
10084
10088
10094
10107
10109
10110
10110
10121
10141
10159
10171
10180
10192
10197
10198
10199
10201
10203
10206
10212
10217
10233
10236
10236
10245
10249
10254
10260
10267
10277
10285
10285
10288
10292
10327
10362
10363
10365
10379
10399
10400
10417
10424
10452
10454
10458
10467
10495
10496
10500
10504
10507
10508
10530
10532
10552
10554
10559
10560
10580
10581
10583
10587
10591
10601
10604
10641
10653
10657
10676
10687
10700
10701
10705
10707
10718
10723
10730
10745
10762
10763
10773
10804
10805
10805
10830
10834
10834
10839
10840
10874
10875
10876
10893
10909
10919
10932
10952
10954
10959
10959
10968
10987
10991
10994
11006
11013
11017
11030
11036
11038
11039
11051
11069
11072
11086
11094
11100
11102
11117
11119
11123
11130
11142
11152
11166
11170
11174
11178
11179
11188
11205
11212
11218
11220
11229
11231
11231
11232
11238
11239
11245
11255
11258
11262
11267
11274
11279
11281
11286
11302
11331
11334
11335
11342
11343
11351
11352
11353
11369
11369
11380
11381
11396
11399
11402
11403
11407
11409
11410
11416
11417
11426
11434
11442
11444
11446
11453
11463
11465
11471
11483
11493
11494
11497
11507
11512
11523
11527
11551
11558
11560
11566
11570
11590
11593
11624
11629
11631
11639
11642
11642
11649
11661
11662
11679
11679
11690
11692
11699
11717
11740
11750
11760
11762
11779
11783
11799
11808
11826
11827
11838
11849
11876
11898
11909
11927
11929
11934
11939
11945
11986
11990
12016
12019
12022
12022
12028
12031
12039
12045
12048
12057
12075
12075
12081
12085
12088
12098
12102
12112
12143
12155
12156
12161
12171
12172
12178
12192
12194
12200
12204
12212
12238
12245
12254
12259
12267
12277
12279
12283
12284
12285
12297
12311
12323
12384
12384
12399
12401
12403
12411
12413
12423
12425
12457
12459
12459
12464
12471
12472
12482
12489
12501
12503
12507
12513
12516
12523
12524
12529
12535
12537
12540
12540
12547
12565
12597
12597
12600
12603
12614
12616
12620
12620
12620
12625
12627
12633
12634
12661
12683
12689
12693
12695
12702
12713
12731
12735
12736
12739
12740
12765
12779
12780
12788
12813
12817
12818
12819
12822
12824
12824
12841
12849
12888
12925
12930
12936
12940
12942
12944
12948
12956
12967
12972
12972
12987
12989
12990
13008
13018
13024
13024
13048
13049
13066
13067
13067
13077
13084
13098
13111
13113
13129
13138
13162
13180
13191
13197
13209
13209
13222
13237
13248
13250
13252
13253
13259
13297
13302
13310
13324
13333
13333
13342
13350
13353
13355
13359
13368
13369
13370
13371
13375
13385
13389
13395
13409
13410
13418
13436
13440
13443
13448
13450
13450
13467
13483
13483
13489
13499
13506
13507
13514
13517
13533
13538
13542
13545
13566
13572
13572
13575
13591
13599
13604
13617
13621
13623
13659
13661
13662
13680
13685
13696
13712
13712
13716
13731
13731
13738
13745
13754
13755
13755
13765
13769
13775
13779
13786
13798
13803
13812
13818
13820
13834
13837
13839
13871
13871
13883
13891
13893
13895
13895
13917
13929
13938
13942
13954
13957
13976
13977
13983
13998
14014
14027
14028
14030
14031
14052
14059
14064
14064
14065
14073
14074
14078
14085
14086
14095
14109
14117
14128
14135
14141
14141
14144
14149
14152
14153
14155
14157
14178
14188
14189
14199
14200
14213
14243
14246
14260
14266
14280
14284
14291
14299
14313
14322
14323
14339
14355
14359
14363
14365
14367
14384
14390
14421
14426
14434
14435
14435
14437
14438
14447
14461
14468
14470
14473
14478
14480
14482
14483
14497
14499
14500
14507
14510
14511
14519
14533
14556
14568
14568
14571
14572
14579
14584
14585
14587
14587
14587
14590
14605
14609
14619
14639
14649
14654
14659
14663
14676
14682
14692
14710
14710
14738
14743
14759
14765
14771
14778
14784
14788
14796
14801
14823
14824
14826
14827
14827
14842
14843
14848
14851
14858
14868
14872
14881
14885
14891
14894
14899
14905
14910
14924
14925
14928
14931
14932
14934
14939
14949
14969
14969
14994
15009
15026
15027
15036
15036
15048
15052
15054
15065
15066
15118
15120
15133
15141
15143
15155
15168
15172
15175
15175
15180
15187
15193
15199
15203
15219
15225
15225
15232
15237
15237
15240
15244
15279
15301
15305
15321
15325
15354
15355
15361
15366
15375
15379
15380
15421
15435
15438
15446
15448
15448
15460
15484
15491
15509
15518
15519
15521
15523
15523
15525
15526
15527
15536
15544
15550
15552
15561
15566
15573
15574
15579
15581
15582
15604
15609
15609
15615
15627
15631
15645
15673
15700
15702
15709
15715
15716
15720
15741
15748
15755
15757
15758
15761
15773
15785
15790
15793
15819
15822
15823
15824
15875
15876
15882
15886
15891
15893
15898
15898
15900
15902
15905
15905
15912
15915
15947
15951
15980
15992
16010
16023
16036
16052
16054
16074
16075
16075
16076
16084
16109
16115
16127
16134
16140
16144
16145
16146
16152
16158
16166
16173
16214
16218
16219
16241
16264
16264
16271
16273
16273
16277
16283
16294
16300
16304
16308
16316
16316
16327
16328
16334
16342
16352
16358
16358
16369
16369
16383
16410
16410
16412
16415
16419
16457
16469
16477
16491
16493
16496
16505
16523
16573
16575
16611
16632
16632
16635
16643
16650
16650
16672
16681
16684
16685
16685
16688
16688
16697
16710
16732
16755
16765
16779
16779
16784
16791
16791
16794
16795
16805
16809
16825
16825
16831
16841
16882
16884
16888
16889
16900
16906
16913
16927
16928
16933
16944
16944
16968
16974
16999
17002
17018
17021
17021
17026
17031
17037
17037
17043
17044
17044
17057
17067
17070
17071
17076
17076
17087
17091
17091
17102
17105
17108
17111
17128
17152
17165
17172
17173
17173
17186
17187
17187
17189
17192
17193
17204
17240
17242
17247
17249
17253
17274
17286
17290
17292
17301
17302
17309
17312
17334
17344
17345
17357
17358
17400
17406
17408
17424
17430
17454
17454
17459
17480
17481
17487
17492
17502
17509
17514
17525
17525
17534
17563
17563
17573
17578
17586
17593
17596
17608
17611
17629
17630
17643
17650
17650
17661
17681
17696
17717
17719
17730
17743
17745
17746
17751
17766
17767
17777
17787
17809
17817
17822
17823
17826
17867
17871
17877
17884
17885
17891
17892
17907
17908
17908
17908
17909
17934
17939
17945
17953
17958
17966
17967
17970
17971
17972
17982
17985
18003
18007
18009
18009
18014
18037
18046
18047
18050
18051
18054
18057
18066
18076
18092
18103
18119
18123
18132
18134
18138
18145
18152
18154
18155
18179
18197
18201
18207
18209
18213
18216
18260
18280
18301
18305
18318
18324
18334
18357
18359
18366
18379
18399
18416
18430
18430
18441
18443
18468
18483
18483
18495
18503
18513
18515
18516
18544
18546
18552
18553
18564
18575
18580
18594
18597
18601
18662
18674
18688
18690
18692
18699
18701
18723
18725
18729
18734
18737
18737
18743
18743
18747
18774
18776
18781
18783
18792
18794
18798
18813
18814
18814
18816
18817
18838
18854
18873
18897
18903
18920
18924
18927
18931
18933
18937
18952
18958
18961
18971
18974
18974
18976
18976
18983
18993
18997
19000
19008
19013
19021
19027
19032
19038
19067
19075
19078
19080
19081
19081
19088
19105
19106
19110
19110
19127
19127
19133
19138
19139
19140
19153
19161
19161
19186
19187
19191
19192
19194
19219
19221
19222
19236
19244
19249
19260
19272
19273
19273
19280
19286
19308
19321
19329
19338
19353
19363
19370
19374
19380
19394
19403
19405
19409
19430
19433
19449
19453
19455
19458
19459
19477
19477
19478
19492
19493
19499
19502
19512
19521
19529
19532
19540
19544
19549
19560
19574
19580
19594
19609
19618
19640
19644
19645
19645
19651
19661
19672
19676
19682
19688
19689
19695
19695
19701
19704
19706
19710
19717
19723
19726
19730
19734
19748
19756
19761
19768
19770
19775
19780
19805
19812
19813
19821
19824
19827
19831
19835
19842
19855
19858
19859
19860
19871
19873
19882
19887
19909
19911
19919
19939
19939
19943
19946
19965
19974
19997
20013
20016
20035
20052
20068
20068
20083
20092
20106
20119
20142
20148
20151
20170
20173
20177
20180
20188
20198
20206
20210
20213
20213
20216
20219
20220
20234
20236
20236
20238
20271
20280
20284
20300
20317
20318
20319
20326
20332
20351
20352
20358
20359
20360
20364
20380
20393
20399
20418
20434
20443
20444
20448
20471
20478
20484
20530
20547
20560
20561
20564
20566
20579
20587
20591
20593
20613
20627
20643
20647
20649
20655
20659
20665
20679
20681
20683
20697
20700
20701
20719
20735
20739
20745
20749
20764
20766
20784
20784
20786
20809
20817
20832
20839
20839
20842
20850
20867
20878
20882
20888
20897
20904
20914
20918
20922
20925
20925
20935
20936
20947
20963
20985
20988
20991
21014
21017
21023
21028
21032
21035
21047
21054
21056
21062
21085
21093
21095
21131
21147
21160
21162
21168
21182
21183
21183
21191
21204
21215
21216
21219
21235
21239
21239
21240
21241
21242
21246
21253
21254
21263
21269
21278
21285
21306
21313
21319
21332
21333
21337
21339
21350
21354
21368
21381
21387
21404
21405
21419
21422
21426
21436
21437
21443
21450
21451
21462
21473
21478
21491
21500
21502
21505
21506
21523
21526
21527
21536
21537
21546
21579
21584
21599
21611
21623
21641
21642
21642
21653
21662
21668
21672
21683
21691
21697
21707
21713
21720
21722
21725
21739
21742
21742
21748
21756
21768
21769
21806
21810
21813
21821
21826
21830
21831
21832
21844
21854
21864
21876
21902
21908
21931
21935
21936
21942
21949
21966
21967
22029
22032
22034
22042
22046
22055
22061
22081
22086
22101
22102
22103
22107
22118
22121
22131
22132
22137
22159
22161
22164
22164
22164
22169
22181
22195
22211
22220
22224
22227
22235
22247
22247
22249
22257
22281
22283
22284
22293
22304
22319
22319
22339
22341
22356
22356
22358
22360
22375
22379
22382
22387
22395
22396
22407
22417
22432
22433
22456
22463
22470
22472
22478
22480
22484
22497
22501
22505
22513
22525
22528
22564
22568
22579
22580
22583
22583
22583
22583
22586
22603
22615
22617
22623
22650
22678
22681
22686
22698
22700
22704
22709
22717
22728
22737
22739
22740
22743
22744
22745
22747
22755
22775
22783
22785
22791
22797
22798
22805
22808
22815
22825
22826
22835
22841
22842
22852
22872
22873
22890
22891
22911
22922
22940
22943
22960
22975
22976
22980
22981
22983
22995
22996
23000
23010
23014
23050
23050
23052
23054
23064
23110
23135
23141
23142
23152
23175
23192
23200
23209
23213
23214
23229
23243
23244
23247
23253
23274
23288
23290
23311
23321
23321
23352
23353
23359
23359
23366
23375
23376
23384
23392
23394
23397
23402
23404
23411
23425
23435
23437
23444
23454
23463
23470
23476
23485
23486
23497
23500
23502
23505
23513
23515
23519
23525
23535
23560
23565
23574
23579
23582
23587
23602
23611
23617
23631
23638
23646
23646
23654
23669
23680
23683
23686
23687
23690
23694
23703
23716
23725
23725
23728
23737
23754
23758
23774
23791
23808
23808
23819
23827
23833
23837
23847
23851
23869
23879
23898
23900
23903
23908
23921
23921
23925
23925
23938
23944
23945
23956
23964
23968
23975
23985
23987
23994
23999
23999
24003
24010
24019
24038
24046
24095
24105
24105
24114
24125
24129
24131
24145
24151
24151
24159
24179
24191
24194
24195
24203
24231
24232
24235
24247
24255
24256
24261
24279
24293
24295
24300
24332
24355
24358
24380
24383
24388
24389
24399
24438
24442
24460
24479
24488
24493
24496
24499
24507
24514
24518
24523
24535
24541
24555
24580
24596
24613
24617
24619
24622
24623
24624
24626
24628
24631
24636
24637
24638
24642
24659
24664
24708
24719
24727
24728
24746
24748
24757
24758
24763
24769
24775
24775
24784
24785
24790
24794
24800
24809
24813
24814
24820
24823
24842
24866
24866
24867
24871
24881
24882
24898
24898
24916
24917
24917
24922
24927
24934
24941
24943
24943
24946
24949
24954
24980
24988
24989
25011
25012
25016
25017
25037
25041
25045
25066
25071
25072
25074
25092
25096
25102
25130
25132
25134
25143
25143
25157
25169
25177
25189
25196
25197
25199
25236
25236
25264
25280
25280
25294
25305
25308
25322
25328
25341
25347
25358
25359
25375
25375
25383
25390
25399
25406
25419
25429
25433
25441
25453
25456
25461
25466
25473
25479
25483
25495
25511
25512
25521
25527
25537
25541
25547
25575
25580
25580
25619
25629
25639
25650
25661
25675
25681
25688
25699
25710
25740
25740
25745
25757
25758
25764
25766
25780
25792
25792
25795
25798
25801
25807
25815
25819
25826
25833
25845
25860
25866
25867
25868
25881
25881
25882
25884
25894
25895
25895
25900
25901
25901
25908
25915
25918
25921
25921
25933
25934
25942
25976
25998
26001
26002
26034
26050
26076
26080
26087
26088
26094
26099
26114
26124
26160
26179
26201
26203
26208
26213
26214
26239
26260
26264
26269
26278
26282
26293
26316
26319
26324
26327
26327
26328
26345
26352
26356
26365
26377
26380
26385
26385
26391
26393
26405
26421
26424
26430
26440
26466
26473
26473
26475
26481
26484
26502
26502
26505
26517
26529
26532
26543
26546
26555
26571
26572
26581
26596
26596
26607
26619
26624
26625
26640
26677
26684
26693
26696
26701
26708
26709
26709
26710
26711
26718
26725
26726
26733
26733
26733
26746
26747
26751
26770
26773
26777
26779
26786
26796
26797
26803
26810
26817
26824
26829
26840
26843
26847
26854
26861
26864
26870
26892
26893
26903
26932
26967
26968
26979
26984
26986
27008
27020
27023
27027
27038
27065
27091
27106
27109
27117
27128
27137
27166
27166
27178
27195
27207
27211
27214
27215
27227
27231
27262
27262
27264
27275
27281
27288
27292
27316
27323
27327
27351
27354
27357
27364
27381
27386
27395
27410
27430
27436
27443
27453
27457
27459
27494
27496
27500
27502
27505
27517
27526
27527
27529
27534
27540
27546
27547
27571
27572
27582
27587
27590
27604
27623
27623
27626
27626
27629
27632
27633
27634
27635
27639
27640
27642
27645
27645
27666
27667
27670
27673
27693
27693
27693
27694
27696
27700
27701
27705
27717
27725
27729
27731
27745
27750
27754
27760
27763
27767
27773
27778
27786
27787
27798
27802
27809
27814
27818
27826
27837
27845
27851
27860
27871
27872
27880
27887
27898
27899
27911
27923
27928
27936
27964
27967
27988
27989
28002
28010
28012
28025
28026
28039
28040
28049
28060
28064
28083
28095
28101
28135
28142
28151
28165
28167
28167
28176
28181
28186
28195
28221
28231
28241
28250
28256
28257
28266
28270
28273
28276
28289
28316
28317
28321
28322
28338
28340
28355
28375
28384
28400
28401
28406
28409
28412
28425
28448
28455
28459
28459
28463
28476
28478
28494
28496
28497
28506
28510
28514
28532
28533
28537
28539
28541
28545
28545
28549
28563
28569
28574
28577
28597
28598
28599
28600
28601
28616
28618
28632
28632
28636
28645
28647
28648
28653
28693
28712
28714
28723
28729
28741
28753
28753
28758
28766
28766
28768
28769
28773
28780
28790
28793
28796
28806
28818
28822
28829
28830
28840
28843
28847
28855
28867
28879
28881
28899
28906
28924
28930
28957
28973
28986
28995
28999
29008
29022
29035
29055
29058
29061
29076
29078
29113
29117
29130
29137
29142
29155
29164
29171
29171
29177
29184
29201
29205
29213
29215
29218
29224
29231
29261
29262
29304
29321
29324
29329
29329
29334
29335
29346
29349
29359
29377
29389
29390
29391
29398
29399
29399
29412
29418
29421
29457
29460
29481
29491
29506
29506
29511
29523
29528
29539
29540
29542
29563
29576
29585
29586
29587
29593
29609
29611
29624
29639
29650
29653
29654
29662
29666
29676
29682
29708
29708
29712
29736
29738
29740
29758
29771
29780
29790
29791
29823
29833
29840
29842
29843
29844
29849
29855
29881
29889
29924
29927
29936
29936
29937
29950
29967
29968
29977
29997
30010
30015
30016
30022
30023
30033
30036
30036
30037
30047
30050
30069
30088
30098
30099
30103
30107
30112
30113
30134
30136
30152
30155
30162
30163
30174
30175
30187
30198
30202
30211
30221
30221
30221
30249
30251
30271
30303
30313
30315
30321
30389
30392
30398
30403
30403
30409
30414
30418
30419
30430
30447
30450
30459
30460
30463
30468
30470
30474
30480
30522
30522
30525
30530
30548
30562
30567
30571
30572
30586
30589
30594
30602
30604
30621
30621
30630
30644
30656
30658
30666
30668
30679
30686
30686
30698
30724
30728
30738
30751
30755
30758
30758
30763
30769
30772
30780
30785
30804
30819
30822
30826
30827
30834
30835
30836
30840
30841
30866
30870
30883
30905
30906
30911
30924
30926
30932
30934
30934
30936
30940
30961
30963
30965
30970
30981
30987
30995
31013
31014
31017
31034
31036
31051
31053
31063
31066
31074
31081
31082
31101
31110
31113
31122
31135
31159
31165
31168
31169
31172
31175
31181
31188
31198
31204
31207
31208
31210
31215
31218
31239
31242
31246
31257
31275
31276
31282
31312
31325
31339
31369
31380
31382
31400
31420
31431
31440
31450
31453
31455
31460
31468
31469
31476
31484
31485
31487
31497
31499
31512
31529
31529
31530
31542
31613
31616
31631
31664
31665
31674
31688
31696
31699
31717
31717
31776
31776
31778
31780
31781
31788
31790
31801
31804
31808
31811
31813
31815
31824
31831
31835
31841
31850
31858
31860
31880
31901
31908
31917
31920
31922
31931
31937
31938
31941
31950
31953
31974
31976
31977
31991
31999
32005
32006
32019
32035
32051
32059
32062
32066
32069
32070
32079
32081
32086
32088
32130
32135
32141
32156
32157
32159
32173
32174
32178
32178
32194
32202
32214
32217
32226
32252
32253
32254
32262
32272
32284
32284
32290
32291
32295
32297
32312
32317
32332
32334
32339
32344
32355
32367
32369
32376
32385
32402
32414
32464
32464
32467
32481
32492
32511
32514
32528
32532
32534
32547
32568
32584
32595
32598
32603
32619
32621
32627
32629
32631
32663
32677
32678
32683
32691
32693
32696
32708
32709
32711
32711
32719
32720
32722
32725
32729
32734
32745
