6
20
29
29
33
58
71
94
99
104
112
118
125
126
127
130
136
146
172
184
185
205
209
217
229
237
244
253
263
272
275
277
284
285
317
328
332
344
344
346
352
357
361
375
378
398
402
406
419
425
442
445
451
453
470
470
488
493
521
528
536
547
552
560
564
573
575
578
579
603
618
624
627
634
670
679
691
692
700
713
723
724
725
734
749
750
752
758
772
788
796
804
818
819
819
843
846
863
868
874
878
882
885
900
920
926
933
963
971
978
990
995
1001
1007
1038
1043
1057
1062
1062
1073
1080
1099
1121
1135
1158
1163
1167
1172
1174
1190
1198
1201
1206
1213
1233
1246
1254
1273
1281
1290
1303
1308
1314
1358
1369
1388
1392
1395
1410
1417
1423
1430
1460
1468
1472
1475
1483
1508
1510
1514
1521
1536
1551
1560
1583
1584
1612
1622
1633
1633
1634
1662
1666
1667
1668
1674
1685
1698
1698
1701
1703
1709
1712
1715
1730
1731
1740
1750
1750
1750
1759
1762
1774
1782
1783
1790
1808
1812
1815
1822
1839
1844
1849
1850
1854
1867
1871
1889
1897
1900
1914
1922
1923
1930
1940
1989
1993
1995
2000
2004
2016
2063
2063
2079
2093
2102
2114
2154
2158
2163
2166
2170
2180
2183
2193
2198
2210
2214
2217
2217
2223
2228
2238
2243
2250
2266
2267
2271
2278
2279
2286
2314
2320
2331
2332
2339
2352
2359
2360
2373
2383
2416
2439
2441
2450
2469
2473
2482
2484
2487
2499
2500
2503
2504
2509
2523
2529
2536
2556
2568
2582
2589
2596
2602
2606
2638
2645
2653
2659
2677
2682
2687
2689
2691
2707
2715
2715
2717
2759
2770
2779
2779
2788
2803
2804
2805
2810
2812
2813
2814
2814
2815
2819
2825
2839
2853
2860
2868
2869
2902
2902
2913
2913
2931
2942
2944
2947
2957
2959
2985
3020
3020
3029
3029
3037
3056
3059
3062
3064
3070
3092
3111
3114
3120
3123
3127
3127
3140
3142
3143
3143
3151
3158
3161
3162
3163
3167
3168
3181
3182
3199
3205
3215
3227
3240
3242
3249
3275
3295
3296
3297
3302
3303
3305
3334
3340
3345
3363
3363
3366
3371
3376
3379
3382
3404
3419
3426
3438
3464
3464
3471
3478
3481
3486
3487
3488
3514
3523
3539
3545
3549
3549
3558
3577
3580
3583
3605
3609
3614
3626
3628
3628
3632
3648
3672
3673
3674
3674
3674
3676
3679
3686
3687
3700
3701
3704
3714
3733
3735
3756
3760
3760
3766
3786
3789
3789
3790
3796
3799
3822
3829
3832
3838
3839
3869
3870
3872
3881
3883
3892
3894
3905
3914
3917
3923
3924
3959
3975
3986
3986
4011
4017
4028
4031
4034
4037
4040
4062
4073
4092
4096
4098
4119
4119
4125
4125
4127
4131
4133
4152
4159
4162
4166
4167
4191
4192
4195
4205
4205
4218
4228
4235
4236
4249
4263
4281
4286
4286
4319
4320
4326
4331
4333
4342
4361
4364
4369
4383
4395
4398
4409
4409
4412
4412
4418
4423
4425
4426
4434
4443
4448
4460
4471
4477
4479
4495
4496
4498
4524
4529
4531
4549
4552
4558
4565
4567
4568
4578
4578
4579
4586
4594
4610
4648
4661
4666
4671
4675
4690
4700
4701
4702
4716
4721
4763
4763
4772
4793
4811
4814
4814
4814
4816
4826
4830
4834
4842
4842
4846
4847
4853
4868
4882
4884
4886
4890
4907
4921
4926
4933
4940
4954
4959
4994
5001
5005
5011
5014
5026
5033
5036
5041
5054
5057
5074
5078
5079
5088
5096
5103
5106
5114
5123
5139
5148
5153
5156
5157
5160
5172
5182
5191
5198
5199
5207
5210
5215
5216
5219
5239
5244
5255
5276
5280
5294
5299
5301
5302
5302
5326
5327
5329
5346
5352
5384
5393
5394
5403
5406
5412
5419
5426
5435
5437
5457
5476
5484
5489
5490
5508
5520
5539
5549
5554
5563
5574
5580
5604
5605
5609
5616
5616
5636
5636
5647
5653
5661
5668
5677
5729
5735
5738
5738
5739
5747
5749
5752
5754
5757
5772
5786
5803
5810
5812
5820
5846
5860
5862
5871
5875
5891
5894
5910
5920
5922
5923
5931
5936
5945
5949
5956
5963
5989
5999
6014
6041
6041
6049
6066
6070
6072
6082
6086
6107
6109
6128
6134
6150
6157
6158
6174
6191
6209
6230
6237
6244
6255
6269
6273
6285
6296
6304
6311
6313
6314
6324
6335
6335
6338
6343
6362
6362
6374
6377
6379
6380
6385
6389
6391
6396
6415
6437
6440
6442
6443
6454
6461
6475
6487
6515
6515
6526
6534
6538
6541
6542
6547
6554
6565
6592
6592
6607
6618
6620
6625
6628
6629
6632
6634
6647
6656
6658
6664
6674
6679
6686
6686
6695
6701
6713
6716
6721
6727
6729
6744
6762
6763
6768
6768
6773
6777
6785
6800
6825
6829
6829
6834
6844
6847
6863
6885
6890
6893
6904
6905
6909
6915
6918
6918
6925
6935
6936
6941
6948
6951
6953
6961
6977
6986
6986
7007
7016
7026
7028
7037
7055
7060
7063
7067
7069
7069
7070
7071
7077
7085
7100
7100
7103
7129
7129
7133
7173
7191
7192
7197
7209
7212
7222
7229
7232
7233
7235
7235
7236
7239
7256
7266
7269
7274
7277
7278
7302
7325
7326
7358
7359
7375
7388
7394
7433
7440
7463
7464
7465
7468
7471
7474
7481
7482
7497
7500
7502
7515
7519
7531
7536
7536
7549
7564
7583
7584
7607
7612
7614
7621
7624
7634
7657
7670
7679
7691
7701
7702
7706
7707
7718
7721
7725
7730
7730
7747
7768
7768
7774
7787
7789
7790
7808
7827
7831
7834
7840
7844
7849
7862
7873
7880
7883
7890
7893
7897
7898
7903
7906
7910
7913
7919
7923
7926
7934
7945
7946
7956
7981
7995
7998
8013
8026
8026
8037
8042
8069
8071
8085
8087
8090
8098
8100
8105
8107
8118
8134
8142
8157
8163
8164
8165
8168
8172
8173
8174
8178
8181
8234
8245
8265
8267
8277
8284
8322
8323
8324
8328
8328
8334
8353
8356
8362
8365
8368
8385
8389
8399
8407
8433
8448
8484
8497
8502
8508
8520
8524
8527
8547
8548
8553
8569
8570
8578
8581
8590
8597
8602
8617
8617
8626
8632
8638
8639
8652
8660
8660
8667
8672
8675
8686
8690
8694
8701
8702
8702
8708
8712
8712
8712
8719
8723
8724
8726
8726
8737
8739
8745
8756
8790
8808
8810
8835
8858
8876
8876
8892
8894
8899
8913
8923
8936
8955
8956
8989
9008
9012
9021
9024
9030
9046
9048
9053
9077
9078
9087
9095
9104
9151
9163
9166
9199
9199
9200
9211
9219
9227
9237
9240
9242
9245
9251
9273
9275
9284
9285
9290
9296
9303
9311
9319
9327
9330
9331
9333
9343
9344
9353
9358
9372
9378
9398
9398
9406
9410
9413
9423
9431
9434
9437
9438
9445
9474
9495
9502
9503
9504
9506
9510
9513
9525
9526
9533
9545
9560
9564
9565
9576
9576
9580
9586
9590
9591
9592
9592
9593
9598
9601
9611
9614
9614
9623
9640
9641
9648
9660
9660
9673
9699
9717
9722
9728
9728
9729
9732
9742
9747
9748
9752
9755
9764
9777
9787
9793
9798
9801
9811
9822
9824
9832
9839
9851
9853
9862
9863
9864
9870
9912
9914
9915
9916
9930
9939
9950
9959
9964
9977
9979
9988
10005
10009
10015
10017
10018
10022
10045
10048
10048
10050
10051
10059
10070
10081
10099
10102
10114
10116
10119
10168
10170
10179
10179
10181
10202
10214
10232
10242
10254
10255
10255
10272
10274
10284
10299
10304
10305
10324
10340
10341
10342
10352
10365
10377
10377
10385
10386
10389
10396
10398
10400
10409
10412
10428
10437
10445
10448
10448
10453
10462
10463
10470
10472
10472
10472
10472
10473
10480
10483
10491
10507
10509
10519
10524
10538
10545
10545
10545
10545
10549
10549
10550
10560
10565
10577
10585
10595
10596
10600
10611
10617
10621
10641
10676
10681
10711
10720
10725
10732
10754
10775
10795
10799
10804
10807
10807
10813
10818
10824
10824
10844
10846
10859
10864
10866
10873
10880
10907
10920
10928
10934
10938
10940
10943
10946
10947
10950
10959
10969
10969
10972
10979
10999
11006
11006
11007
11013
11013
11021
11028
11028
11038
11050
11069
11071
11073
11084
11085
11090
11096
11105
11110
11119
11127
11143
11144
11162
11181
11184
11195
11197
11198
11204
11205
11215
11220
11221
11250
11253
11254
11261
11262
11282
11287
11294
11301
11305
11320
11375
11375
11381
11381
11384
11394
11401
11431
11441
11449
11452
11458
11498
11528
11531
11537
11562
11588
11589
11591
11593
11616
11623
11635
11646
11655
11665
11674
11680
11699
11703
11704
11705
11709
11709
11713
11718
11729
11733
11734
11734
11741
11741
11763
11769
11802
11811
11830
11834
11842
11851
11855
11866
11877
11897
11906
11915
11918
11931
11932
11938
11952
11957
11961
11961
11974
11975
11979
11993
11994
11999
12007
12009
12020
12024
12032
12040
12052
12077
12081
12088
12089
12090
12108
12116
12119
12125
12127
12127
12136
12143
12150
12151
12160
12161
12165
12169
12172
12177
12185
12185
12191
12192
12195
12205
12212
12212
12213
12243
12247
12253
12287
12289
12289
12296
12298
12311
12311
12314
12319
12323
12331
12334
12340
12340
12345
12350
12351
12355
12366
12370
12375
12386
12414
12417
12431
12433
12434
12440
12450
12460
12461
12472
12485
12489
12544
12563
12576
12578
12579
12597
12615
12623
12633
12638
12639
12648
12649
12656
12658
12660
12664
12673
12712
12713
12743
12745
12764
12785
12787
12791
12794
12794
12804
12810
12823
12879
12882
12882
12884
12906
12907
12910
12914
12914
12927
12941
12944
12945
13003
13015
13017
13031
13061
13067
13078
13079
13079
13079
13083
13087
13112
13121
13125
13136
13172
13174
13180
13188
13211
13214
13225
13226
13226
13227
13236
13245
13246
13252
13255
13263
13266
13269
13269
13271
13278
13285
13297
13303
13316
13321
13324
13360
13365
13376
13413
13413
13421
13425
13440
13447
13478
13481
13482
13487
13498
13500
13501
13513
13524
13551
13553
13564
13587
13594
13598
13608
13618
13623
13628
13630
13653
13660
13662
13663
13674
13675
13675
13675
13675
13679
13679
13681
13684
13696
13702
13702
13707
13723
13724
13725
13734
13734
13739
13760
13764
13773
13779
13780
13790
13798
13806
13806
13808
13809
13810
13810
13812
13816
13817
13825
13828
13836
13855
13856
13857
13871
13875
13879
13883
13883
13921
13921
13925
13927
13975
14004
14028
14031
14044
14056
14070
14076
14082
14090
14091
14095
14101
14122
14168
14176
14178
14180
14183
14190
14194
14200
14203
14203
14204
14214
14229
14229
14248
14250
14255
14264
14278
14285
14295
14299
14300
14305
14327
14329
14329
14348
14352
14356
14367
14372
14374
14377
14382
14388
14390
14393
14399
14402
14407
14439
14441
14446
14456
14463
14479
14499
14506
14510
14511
14524
14525
14531
14532
14540
14545
14545
14553
14557
14571
14572
14588
14593
14594
14598
14607
14608
14610
14626
14632
14634
14637
14638
14643
14646
14657
14663
14663
14665
14670
14670
14670
14672
14676
14678
14681
14682
14684
14685
14687
14690
14692
14696
14701
14710
14718
14719
14723
14724
14742
14744
14763
14793
14801
14804
14808
14809
14814
14822
14851
14863
14872
14885
14893
14900
14903
14913
14930
14930
14932
14933
14948
14952
14960
14968
14968
14974
14990
14994
15017
15046
15064
15089
15091
15095
15110
15122
15133
15162
15164
15177
15177
15198
15215
15246
15254
15254
15256
15264
15270
15288
15289
15290
15295
15296
15302
15308
15317
15329
15331
15333
15334
15339
15342
15349
15354
15359
15367
15375
15386
15391
15402
15403
15404
15407
15421
15421
15439
15440
15446
15451
15453
15464
15464
15465
15471
15478
15506
15515
15526
15532
15537
15540
15552
15569
15572
15578
15585
15586
15589
15602
15607
15633
15639
15642
15647
15667
15670
15673
15704
15705
15717
15730
15742
15746
15748
15749
15770
15800
15803
15813
15821
15823
15823
15841
15864
15874
15895
15910
15911
15917
15926
15935
15937
15946
15965
15969
15970
15973
15977
15981
15996
16007
16020
16025
16032
16044
16056
16079
16083
16093
16108
16114
16122
16129
16147
16150
16153
16162
16165
16182
16192
16192
16214
16215
16218
16226
16233
16246
16247
16260
16261
16263
16269
16293
16296
16302
16303
16342
16343
16364
16386
16390
16399
16409
16414
16433
16440
16440
16454
16462
16465
16472
16474
16483
16490
16493
16520
16523
16529
16535
16558
16574
16618
16620
16620
16624
16624
16643
16644
16664
16671
16679
16682
16685
16687
16689
16692
16694
16705
16706
16708
16716
16735
16736
16742
16750
16752
16752
16757
16765
16767
16791
16810
16814
16818
16843
16848
16849
16851
16854
16865
16870
16882
16888
16891
16895
16903
16907
16910
16916
16917
16943
16989
17015
17016
17031
17043
17044
17053
17079
17082
17085
17119
17122
17124
17129
17132
17133
17141
17143
17153
17157
17166
17166
17168
17177
17194
17212
17215
17226
17229
17242
17253
17259
17270
17273
17280
17289
17293
17298
17310
17341
17351
17359
17366
17384
17398
17406
17410
17428
17435
17435
17462
17463
17469
17477
17478
17484
17488
17489
17506
17509
17515
17515
17519
17529
17555
17557
17561
17562
17565
17573
17576
17582
17586
17589
17589
17606
17617
17631
17631
17633
17642
17647
17655
17673
17704
17715
17719
17762
17766
17773
17791
17805
17811
17817
17846
17857
17864
17887
17903
17916
17933
17941
17943
17957
17979
17986
17996
18005
18009
18030
18045
18088
18093
18098
18104
18115
18120
18123
18134
18141
18144
18145
18150
18160
18164
18167
18208
18220
18225
18239
18240
18244
18249
18265
18278
18283
18293
18293
18300
18312
18317
18329
18334
18351
18371
18380
18391
18394
18400
18416
18422
18424
18426
18428
18436
18443
18449
18451
18478
18492
18496
18522
18524
18533
18533
18541
18557
18576
18587
18591
18593
18594
18629
18656
18663
18676
18689
18691
18694
18699
18703
18707
18708
18716
18728
18732
18751
18752
18756
18766
18766
18777
18804
18812
18822
18835
18836
18845
18847
18853
18858
18860
18861
18878
18883
18887
18887
18896
18902
18902
18904
18912
18939
18941
18953
18955
18957
18978
18980
19015
19025
19033
19035
19038
19041
19042
19046
19049
19049
19054
19058
19060
19073
19077
19083
19086
19120
19129
19157
19174
19183
19185
19208
19208
19220
19224
19245
19251
19263
19271
19286
19287
19294
19299
19304
19316
19320
19340
19349
19352
19356
19367
19371
19388
19396
19406
19419
19424
19436
19437
19466
19471
19480
19486
19502
19507
19513
19518
19522
19524
19524
19525
19543
19568
19570
19570
19573
19580
19590
19598
19602
19608
19631
19638
19660
19668
19671
19676
19676
19686
19706
19709
19714
19717
19719
19739
19744
19748
19765
19766
19794
19828
19829
19831
19833
19853
19858
19859
19859
19863
19874
19880
19885
19889
19904
19919
19925
19929
19939
19942
19943
19957
19960
19962
19986
19997
20004
20010
20011
20024
20027
20045
20047
20055
20062
20072
20080
20091
20091
20096
20106
20121
20145
20148
20156
20157
20172
20182
20212
20252
20257
20259
20263
20268
20284
20295
20299
20310
20311
20326
20328
20330
20342
20346
20349
20353
20373
20373
20380
20380
20393
20407
20414
20420
20430
20435
20436
20456
20464
20473
20475
20475
20478
20488
20493
20496
20498
20514
20518
20522
20533
20538
20549
20553
20554
20568
20569
20578
20585
20588
20593
20593
20602
20614
20616
20622
20631
20637
20639
20641
20643
20644
20645
20646
20647
20660
20661
20661
20664
20670
20679
20688
20694
20707
20716
20719
20729
20735
20741
20741
20742
20760
20763
20768
20776
20781
20784
20786
20805
20819
20829
20841
20850
20863
20869
20869
20871
20906
20918
20930
20930
20940
20945
20976
20978
20986
20986
20990
20997
21010
21017
21019
21027
21029
21030
21047
21049
21053
21065
21067
21073
21076
21082
21089
21105
21106
21112
21119
21123
21127
21138
21143
21145
21149
21157
21161
21171
21172
21177
21177
21182
21185
21199
21203
21212
21219
21222
21223
21240
21242
21244
21252
21264
21264
21267
21278
21281
21287
21295
21301
21302
21306
21308
21318
21319
21324
21336
21348
21348
21357
21375
21376
21378
21385
21387
21402
21426
21427
21432
21438
21441
21450
21472
21473
21477
21485
21494
21505
21520
21528
21532
21534
21557
21558
21576
21599
21608
21612
21617
21618
21618
21624
21635
21635
21664
21669
21671
21675
21678
21678
21679
21690
21697
21705
21706
21707
21709
21712
21722
21730
21737
21746
21778
21786
21798
21818
21821
21822
21844
21847
21848
21849
21862
21879
21880
21882
21891
21892
21899
21900
21902
21907
21913
21915
21916
21928
21930
21940
21979
21979
21982
21984
22023
22031
22038
22040
22051
22052
22060
22065
22065
22068
22071
22079
22080
22088
22096
22121
22134
22148
22154
22168
22173
22177
22183
22186
22196
22205
22220
22221
22222
22228
22241
22247
22248
22257
22259
22260
22276
22279
22289
22292
22307
22311
22321
22337
22339
22349
22351
22355
22373
22376
22390
22394
22402
22406
22408
22410
22423
22429
22435
22436
22438
22448
22452
22455
22465
22465
22490
22490
22506
22509
22524
22527
22536
22540
22550
22584
22589
22597
22607
22624
22628
22660
22660
22661
22662
22663
22668
22673
22682
22690
22694
22695
22699
22705
22716
22719
22738
22739
22745
22764
22767
22777
22779
22786
22796
22798
22806
22808
22812
22817
22820
22822
22823
22827
22828
22830
22834
22838
22842
22843
22855
22873
22897
22912
22916
22931
22933
22934
22936
22946
22954
22985
23049
23059
23060
23072
23078
23097
23097
23099
23107
23119
23143
23145
23191
23198
23210
23211
23240
23241
23252
23253
23269
23276
23287
23291
23297
23298
23308
23312
23314
23347
23350
23351
23361
23381
23385
23413
23442
23447
23475
23477
23489
23496
23498
23504
23505
23513
23515
23516
23524
23526
23531
23539
23540
23559
23573
23573
23574
23604
23605
23607
23608
23623
23624
23629
23654
23656
23659
23670
23671
23673
23681
23688
23699
23705
23708
23708
23710
23712
23713
23730
23742
23758
23759
23761
23766
23775
23780
23789
23817
23819
23832
23836
23836
23841
23844
23852
23855
23861
23867
23871
23872
23872
23876
23877
23878
23879
23881
23904
23940
23950
23956
23957
23963
23969
23971
23986
23986
23989
23997
24004
24007
24010
24015
24027
24034
24036
24043
24046
24056
24068
24078
24086
24104
24148
24156
24157
24161
24162
24170
24170
24182
24189
24202
24209
24218
24227
24228
24251
24258
24262
24269
24287
24291
24292
24300
24301
24308
24311
24322
24323
24323
24342
24344
24348
24365
24370
24372
24382
24389
24390
24408
24418
24423
24427
24473
24487
24497
24502
24508
24509
24511
24519
24529
24547
24586
24597
24618
24635
24650
24660
24692
24698
24704
24726
24744
24751
24758
24771
24773
24782
24791
24798
24817
24822
24833
24836
24837
24849
24856
24858
24859
24866
24892
24897
24898
24914
24922
24925
24939
24948
24953
24964
24968
24982
24983
24994
24995
25006
25018
25029
25032
25039
25040
25042
25044
25044
25051
25053
25063
25064
25071
25079
25080
25093
25099
25104
25119
25178
25188
25189
25194
25210
25214
25214
25216
25220
25232
25241
25243
25244
25254
25255
25265
25268
25273
25273
25278
25329
25337
25339
25350
25392
25395
25397
25411
25423
25429
25432
25434
25478
25481
25500
25500
25522
25524
25537
25543
25557
25559
25568
25581
25582
25590
25611
25638
25656
25664
25670
25683
25700
25703
25710
25711
25733
25747
25749
25758
25765
25776
25777
25780
25786
25788
25796
25797
25799
25834
25837
25849
25854
25884
25891
25921
25943
25946
25951
25966
25969
25987
25990
25998
26009
26016
26023
26030
26035
26038
26042
26042
26046
26047
26047
26060
26061
26064
26069
26082
26086
26100
26101
26103
26106
26108
26110
26112
26113
26116
26145
26156
26158
26175
26176
26185
26188
26228
26245
26249
26250
26254
26257
26266
26272
26276
26279
26282
26295
26300
26318
26336
26350
26361
26365
26374
26404
26406
26418
26420
26435
26436
26444
26448
26450
26450
26471
26473
26477
26480
26484
26510
26512
26513
26519
26523
26525
26528
26530
26544
26544
26584
26594
26599
26606
26616
26619
26621
26623
26626
26627
26631
26640
26642
26645
26648
26649
26653
26661
26664
26664
26667
26702
26709
26711
26717
26721
26726
26736
26744
26750
26771
26778
26783
26793
26799
26805
26806
26812
26820
26842
26859
26861
26874
26878
26879
26883
26896
26926
26948
26953
26954
26955
26970
26970
26972
26984
26991
27010
27016
27028
27030
27035
27036
27037
27044
27045
27049
27061
27068
27070
27085
27097
27098
27101
27112
27113
27129
27130
27133
27135
27149
27156
27163
27171
27180
27183
27188
27188
27204
27216
27224
27240
27253
27261
27269
27275
27278
27279
27291
27294
27300
27336
27340
27355
27372
27384
27398
27401
27408
27415
27426
27441
27445
27462
27463
27481
27490
27490
27495
27513
27528
27531
27543
27546
27548
27562
27565
27571
27574
27578
27578
27595
27605
27616
27638
27646
27648
27660
27661
27662
27672
27678
27679
27690
27703
27707
27712
27732
27738
27742
27743
27743
27745
27761
27776
27777
27786
27788
27803
27806
27808
27816
27823
27831
27833
27834
27839
27844
27851
27866
27873
27873
27881
27883
27887
27897
27906
27911
27914
27919
27935
27941
27945
27957
27964
27974
27994
28012
28043
28064
28067
28071
28072
28087
28091
28099
28099
28102
28104
28105
28105
28109
28121
28131
28132
28149
28157
28158
28180
28192
28196
28200
28200
28203
28203
28208
28210
28233
28249
28251
28254
28269
28284
28287
28290
28293
28298
28307
28312
28319
28341
28345
28347
28359
28380
28403
28410
28411
28427
28437
28440
28445
28453
28454
28456
28470
28470
28486
28490
28498
28499
28508
28509
28517
28522
28535
28541
28545
28552
28563
28579
28583
28586
28588
28590
28615
28620
28624
28642
28656
28671
28690
28691
28708
28711
28761
28763
28769
28770
28778
28779
28800
28815
28819
28824
28848
28850
28850
28855
28857
28858
28858
28859
28861
28874
28874
28874
28887
28888
28922
28926
28932
28938
28938
28953
28980
28990
28994
28995
28999
29024
29045
29055
29057
29062
29068
29084
29098
29101
29107
29107
29119
29136
29151
29152
29158
29164
29169
29170
29191
29194
29208
29211
29220
29236
29243
29246
29259
29259
29274
29281
29282
29289
29289
29296
29296
29300
29306
29320
29323
29340
29342
29345
29347
29358
29363
29364
29367
29408
29418
29429
29437
29447
29448
29448
29456
29457
29464
29469
29479
29487
29495
29518
29520
29526
29534
29540
29544
29545
29545
29548
29551
29583
29588
29594
29607
29608
29626
29636
29645
29657
29658
29659
29673
29678
29683
29694
29718
29727
29731
29734
29763
29774
29775
29775
29779
29779
29781
29787
29791
29794
29797
29805
29823
29825
29835
29835
29841
29847
29851
29854
29857
29860
29861
29864
29866
29877
29887
29890
29894
29908
29916
29940
29947
29956
29956
29958
29962
29962
29966
29969
29986
29988
29990
30008
30018
30033
30039
30051
30066
30068
30071
30071
30073
30079
30080
30086
30098
30114
30142
30153
30154
30154
30159
30159
30168
30175
30177
30185
30191
30196
30213
30216
30216
30216
30231
30254
30272
30275
30285
30286
30300
30306
30314
30318
30329
30333
30374
30391
30392
30396
30402
30402
30413
30425
30430
30435
30460
30484
30491
30515
30530
30561
30565
30573
30584
30585
30606
30607
30611
30622
30626
30632
30637
30637
30641
30646
30653
30655
30656
30663
30668
30674
30677
30680
30684
30687
30692
30697
30711
30715
30718
30719
30721
30728
30736
30746
30749
30751
30761
30762
30794
30801
30802
30810
30814
30815
30818
30827
30835
30842
30860
30869
30872
30877
30885
30899
30899
30901
30907
30911
30912
30916
30936
30946
30948
30959
30962
30964
30968
30992
30997
31003
31008
31025
31039
31045
31047
31052
31054
31054
31066
31072
31072
31074
31076
31077
31082
31088
31094
31104
31121
31134
31137
31142
31158
31164
31168
31172
31177
31179
31193
31197
31207
31231
31239
31243
31254
31278
31293
31295
31311
31313
31317
31325
31328
31339
31376
31381
31385
31393
31394
31397
31401
31402
31414
31419
31433
31439
31448
31453
31456
31460
31465
31471
31477
31479
31479
31479
31493
31494
31499
31502
31530
31543
31551
31561
31564
31568
31576
31576
31585
31602
31610
31621
31622
31634
31652
31658
31659
31675
31675
31676
31688
31688
31695
31698
31700
31707
31708
31711
31722
31732
31740
31740
31741
31746
31757
31769
31778
31785
31793
31795
31808
31826
31829
31853
31858
31863
31871
31873
31890
31902
31907
31935
31938
31947
31952
31956
31962
31970
31974
31975
31981
31988
32005
32011
32016
32020
32026
32040
32046
32055
32063
32081
32081
32087
32093
32118
32120
32136
32147
32158
32180
32192
32208
32221
32231
32248
32251
32283
32287
32288
32288
32295
32304
32305
32310
32335
32344
32356
32387
32390
32404
32408
32412
32417
32418
32452
32457
32458
32460
32463
32465
32467
32471
32509
32524
32530
32536
32539
32555
32569
32569
32572
32578
32585
32604
32617
32664
32665
32672
32685
32687
32697
32714
32722
32748
32754
32756
32757
32758
32761
