5
10
18
25
34
40
52
73
76
82
93
110
124
130
134
137
139
140
140
145
156
159
164
170
174
184
186
187
215
228
234
248
261
266
286
303
309
311
313
340
341
348
354
371
392
394
400
423
425
427
433
433
487
513
518
530
537
556
557
557
558
565
568
569
578
585
591
613
614
618
622
627
644
656
663
666
668
670
671
672
682
688
692
693
702
703
710
733
746
748
750
751
763
776
797
804
822
844
847
847
856
859
860
863
870
883
887
895
913
926
937
944
944
963
967
971
971
973
979
979
979
1014
1018
1050
1050
1052
1069
1076
1086
1093
1107
1109
1114
1117
1127
1134
1140
1140
1141
1155
1159
1165
1167
1171
1184
1201
1212
1223
1237
1247
1253
1263
1277
1279
1287
1311
1312
1313
1320
1334
1337
1347
1350
1361
1366
1367
1371
1379
1380
1381
1382
1386
1404
1404
1412
1430
1435
1437
1438
1449
1454
1455
1466
1467
1468
1484
1488
1502
1509
1515
1521
1530
1541
1553
1572
1583
1589
1607
1609
1623
1637
1650
1657
1661
1679
1694
1697
1718
1728
1743
1762
1764
1775
1776
1778
1784
1785
1792
1794
1800
1800
1810
1820
1841
1863
1883
1887
1897
1906
1913
1929
1944
1945
1948
1962
1967
1983
1983
1985
1993
2017
2041
2043
2046
2049
2055
2069
2069
2085
2086
2097
2111
2122
2126
2137
2137
2142
2150
2157
2157
2164
2165
2194
2195
2197
2199
2201
2203
2223
2227
2234
2238
2242
2264
2266
2279
2290
2291
2292
2294
2308
2309
2313
2318
2364
2373
2381
2385
2386
2388
2389
2390
2408
2412
2425
2429
2431
2431
2446
2452
2457
2469
2480
2484
2503
2505
2514
2522
2524
2532
2533
2533
2556
2574
2574
2574
2575
2580
2595
2597
2611
2617
2621
2622
2631
2635
2643
2644
2659
2664
2664
2669
2682
2692
2718
2724
2769
2769
2787
2788
2796
2802
2813
2813
2814
2827
2828
2834
2859
2869
2879
2879
2880
2883
2891
2892
2893
2898
2902
2935
2937
2939
2943
2949
2951
2954
2962
2963
2978
2980
2985
2996
3008
3010
3019
3023
3032
3035
3048
3073
3075
3082
3084
3092
3092
3100
3102
3105
3111
3138
3140
3148
3149
3150
3154
3160
3174
3180
3186
3202
3213
3217
3234
3241
3243
3248
3249
3249
3250
3253
3258
3267
3277
3283
3284
3287
3288
3306
3308
3314
3318
3320
3326
3352
3359
3360
3360
3361
3361
3371
3373
3377
3382
3390
3391
3397
3403
3423
3426
3438
3445
3447
3464
3469
3474
3481
3486
3503
3504
3513
3516
3520
3522
3530
3536
3546
3550
3569
3573
3603
3624
3636
3637
3646
3650
3652
3653
3659
3669
3680
3680
3685
3694
3695
3713
3715
3722
3741
3756
3765
3773
3783
3785
3794
3795
3796
3809
3821
3822
3823
3829
3838
3845
3850
3862
3872
3873
3877
3879
3884
3897
3936
3938
3942
3945
3949
3957
3962
3965
3973
3979
3995
4012
4014
4019
4020
4031
4045
4047
4055
4058
4065
4070
4071
4075
4082
4087
4090
4092
4094
4097
4098
4099
4111
4122
4125
4125
4133
4133
4139
4167
4190
4190
4216
4216
4217
4223
4225
4227
4234
4239
4251
4255
4258
4261
4265
4277
4285
4290
4300
4308
4314
4327
4344
4361
4372
4384
4395
4414
4427
4461
4471
4486
4494
4504
4510
4540
4544
4546
4563
4583
4588
4599
4609
4621
4622
4626
4636
4651
4652
4668
4693
4702
4706
4719
4724
4727
4732
4736
4737
4745
4748
4752
4772
4775
4781
4798
4806
4818
4818
4830
4840
4844
4849
4856
4874
4877
4880
4880
4884
4897
4901
4902
4907
4908
4912
4926
4931
4940
4952
4974
4975
4979
4980
4988
4988
4990
5000
5004
5005
5007
5017
5036
5058
5061
5073
5090
5095
5105
5120
5122
5130
5131
5144
5144
5175
5179
5186
5188
5195
5212
5246
5251
5251
5252
5257
5285
5293
5301
5304
5320
5331
5337
5337
5338
5338
5341
5380
5385
5385
5397
5404
5415
5415
5424
5424
5432
5432
5437
5439
5445
5448
5448
5454
5461
5491
5493
5504
5505
5512
5515
5521
5527
5529
5540
5541
5547
5548
5551
5552
5553
5558
5558
5560
5571
5581
5593
5595
5611
5612
5612
5613
5619
5629
5633
5634
5646
5647
5655
5667
5678
5687
5702
5702
5714
5721
5723
5737
5741
5746
5781
5789
5793
5810
5813
5825
5828
5835
5837
5839
5841
5850
5861
5865
5874
5890
5890
5900
5932
5945
5960
5962
5975
5977
5997
6002
6017
6021
6032
6041
6041
6077
6078
6102
6110
6119
6136
6139
6141
6143
6149
6151
6157
6165
6171
6174
6185
6186
6202
6202
6214
6217
6236
6242
6243
6249
6249
6252
6260
6264
6265
6266
6266
6274
6278
6283
6284
6290
6293
6297
6311
6312
6325
6339
6342
6354
6367
6379
6385
6386
6391
6394
6419
6429
6442
6446
6447
6475
6478
6481
6493
6493
6496
6500
6505
6506
6507
6513
6531
6543
6544
6550
6552
6561
6575
6578
6596
6608
6621
6630
6632
6645
6646
6657
6670
6683
6713
6713
6730
6732
6742
6749
6756
6766
6788
6797
6818
6827
6835
6837
6842
6844
6847
6854
6863
6866
6878
6881
6897
6897
6901
6911
6914
6917
6918
6933
6937
6946
6946
6949
6950
6951
6957
6972
6977
6987
6992
6993
7003
7005
7008
7016
7022
7032
7042
7058
7078
7082
7088
7094
7109
7127
7140
7144
7157
7162
7174
7175
7195
7195
7205
7207
7212
7217
7219
7221
7226
7251
7268
7271
7272
7281
7301
7301
7302
7303
7303
7313
7315
7316
7346
7348
7356
7358
7367
7392
7393
7396
7428
7438
7472
7476
7478
7501
7533
7536
7536
7558
7569
7569
7606
7607
7616
7641
7642
7646
7649
7659
7660
7661
7668
7671
7674
7692
7693
7695
7726
7731
7734
7736
7754
7769
7772
7784
7786
7795
7801
7806
7815
7826
7831
7835
7844
7849
7853
7858
7870
7886
7887
7887
7894
7902
7903
7907
7913
7920
7944
7948
7948
7958
7959
7961
7962
7965
7971
7972
7975
7995
8000
8016
8021
8036
8041
8043
8048
8049
8052
8055
8057
8066
8076
8081
8087
8091
8093
8116
8122
8133
8172
8183
8187
8190
8192
8194
8208
8210
8212
8223
8229
8232
8233
8243
8246
8258
8275
8279
8279
8286
8288
8294
8301
8311
8311
8330
8346
8350
8355
8370
8372
8392
8418
8419
8424
8425
8448
8455
8461
8463
8483
8485
8491
8492
8497
8509
8517
8519
8521
8522
8544
8558
8559
8575
8586
8587
8605
8609
8614
8616
8643
8647
8650
8658
8664
8665
8670
8672
8686
8694
8698
8718
8736
8738
8747
8767
8788
8812
8837
8839
8859
8865
8865
8867
8869
8884
8888
8900
8904
8908
8913
8930
8932
8933
8934
8944
8946
8955
8960
8961
8964
8966
8967
8971
8972
8983
8985
8986
8993
8996
9007
9029
9030
9052
9061
9066
9066
9066
9078
9082
9084
9089
9102
9104
9105
9106
9110
9112
9112
9122
9150
9153
9161
9183
9195
9207
9215
9216
9219
9224
9246
9247
9263
9265
9266
9293
9305
9333
9346
9355
9359
9371
9412
9416
9418
9422
9423
9428
9451
9458
9459
9465
9471
9483
9495
9499
9500
9502
9509
9537
9559
9576
9577
9587
9587
9612
9615
9622
9627
9629
9633
9636
9640
9640
9641
9657
9668
9672
9686
9692
9693
9698
9702
9713
9717
9718
9719
9721
9722
9727
9739
9741
9742
9742
9755
9762
9765
9777
9779
9786
9786
9787
9797
9803
9812
9828
9847
9856
9860
9860
9871
9876
9906
9910
9910
9916
9940
9946
9951
9965
9975
9980
9990
10011
10015
10016
10030
10046
10050
10063
10070
10070
10077
10079
10082
10085
10088
10090
10092
10098
10102
10116
10120
10145
10156
10164
10175
10177
10177
10180
10199
10200
10202
10256
10268
10277
10277
10290
10291
10311
10342
10346
10349
10350
10350
10359
10367
10370
10371
10374
10389
10391
10397
10398
10402
10414
10434
10441
10454
10474
10479
10489
10499
10520
10533
10552
10555
10555
10577
10587
10592
10595
10599
10609
10614
10617
10625
10642
10648
10657
10662
10668
10673
10676
10691
10697
10706
10706
10711
10719
10730
10736
10742
10751
10757
10809
10822
10842
10850
10880
10881
10884
10884
10890
10891
10907
10907
10907
10908
10912
10913
10914
10917
10930
10932
10932
10944
10949
10970
10984
10991
10997
11004
11005
11017
11020
11032
11056
11077
11083
11084
11087
11094
11097
11109
11116
11117
11133
11137
11137
11152
11180
11189
11196
11200
11202
11219
11224
11235
11238
11240
11247
11257
11271
11278
11289
11290
11294
11298
11301
11305
11313
11317
11319
11323
11325
11341
11363
11365
11382
11385
11397
11400
11411
11418
11420
11430
11436
11447
11452
11455
11466
11467
11470
11476
11477
11484
11498
11502
11511
11525
11540
11542
11553
11564
11592
11604
11619
11622
11622
11640
11643
11647
11656
11665
11665
11670
11678
11679
11680
11681
11682
11690
11697
11747
11747
11748
11748
11750
11753
11762
11766
11771
11792
11793
11804
11806
11806
11815
11817
11817
11825
11827
11832
11841
11844
11851
11861
11867
11869
11870
11894
11911
11930
11931
11934
11942
11945
11950
11957
11961
11966
11969
11969
11972
11982
11987
12006
12013
12015
12028
12035
12036
12052
12070
12088
12090
12092
12092
12103
12110
12126
12138
12139
12141
12151
12172
12180
12180
12181
12192
12218
12218
12227
12236
12252
12267
12284
12293
12297
12299
12325
12341
12343
12366
12387
12400
12419
12420
12422
12423
12428
12453
12469
12488
12492
12498
12521
12539
12540
12541
12555
12555
12561
12563
12565
12576
12577
12578
12600
12606
12623
12627
12636
12640
12673
12695
12706
12718
12718
12720
12722
12734
12740
12748
12752
12754
12758
12773
12790
12799
12809
12810
12818
12825
12856
12871
12883
12898
12903
12904
12914
12919
12930
12944
12945
13017
13025
13025
13063
13065
13078
13085
13098
13120
13124
13128
13130
13139
13142
13143
13147
13159
13170
13171
13183
13193
13197
13198
13205
13205
13209
13228
13229
13250
13254
13255
13256
13260
13263
13265
13271
13287
13300
13309
13316
13322
13324
13331
13332
13336
13338
13341
13362
13381
13382
13385
13388
13399
13404
13405
13413
13423
13449
13451
13453
13465
13471
13476
13498
13501
13527
13547
13560
13563
13573
13592
13600
13600
13635
13637
13656
13659
13686
13702
13707
13711
13722
13731
13747
13756
13758
13760
13764
13767
13794
13795
13795
13798
13799
13808
13824
13844
13849
13850
13894
13895
13899
13917
13929
13943
13952
13969
13977
13979
13983
13987
13999
14004
14012
14028
14037
14046
14051
14079
14094
14103
14116
14122
14129
14142
14143
14155
14156
14168
14181
14196
14198
14261
14273
14284
14288
14289
14318
14336
14345
14359
14365
14380
14421
14423
14428
14454
14464
14477
14483
14483
14488
14498
14503
14517
14517
14522
14530
14534
14559
14560
14567
14570
14585
14587
14611
14622
14623
14630
14638
14654
14674
14692
14697
14701
14718
14721
14737
14750
14752
14754
14754
14755
14782
14786
14786
14788
14793
14797
14804
14806
14813
14825
14837
14844
14855
14859
14869
14874
14876
14897
14916
14921
14963
14963
14973
14978
14979
14980
14990
14990
14995
15001
15023
15024
15058
15061
15062
15068
15068
15081
15090
15093
15094
15113
15126
15134
15153
15162
15168
15175
15176
15176
15178
15179
15216
15224
15230
15232
15240
15246
15246
15248
15249
15256
15266
15268
15280
15281
15289
15292
15313
15317
15317
15322
15328
15331
15335
15336
15340
15352
15380
15386
15407
15411
15412
15418
15428
15437
15438
15498
15500
15503
15510
15529
15532
15549
15558
15562
15575
15593
15594
15600
15611
15615
15615
15623
15639
15641
15651
15653
15661
15678
15679
15681
15693
15695
15696
15698
15708
15709
15713
15726
15733
15741
15750
15754
15754
15757
15785
15787
15822
15880
15887
15889
15900
15906
15916
15916
15917
15920
15929
15939
15941
15944
15945
15963
15978
15986
15999
16037
16043
16053
16062
16063
16063
16067
16078
16091
16093
16103
16111
16112
16121
16122
16139
16148
16163
16176
16196
16203
16205
16205
16210
16219
16230
16256
16268
16271
16273
16313
16315
16322
16325
16326
16366
16369
16381
16386
16394
16410
16421
16442
16449
16450
16467
16472
16473
16477
16484
16501
16517
16522
16525
16539
16545
16551
16566
16575
16583
16591
16594
16608
16611
16614
16623
16625
16626
16628
16634
16647
16656
16674
16675
16677
16683
16687
16694
16702
16707
16717
16718
16769
16776
16779
16779
16785
16789
16794
16801
16804
16816
16834
16848
16861
16869
16903
16928
16929
16933
16933
16934
16945
16957
16960
16963
16981
16998
17011
17017
17028
17029
17030
17042
17050
17065
17070
17091
17095
17108
17114
17119
17127
17140
17144
17146
17148
17160
17172
17176
17179
17179
17183
17191
17202
17208
17209
17223
17240
17241
17243
17246
17252
17266
17321
17321
17322
17330
17351
17352
17359
17359
17362
17369
17373
17401
17402
17411
17420
17439
17443
17483
17484
17497
17511
17514
17515
17525
17549
17561
17568
17571
17578
17579
17590
17598
17602
17615
17620
17626
17649
17658
17670
17691
17702
17711
17722
17725
17728
17735
17745
17750
17776
17789
17797
17799
17803
17815
17823
17827
17842
17847
17852
17855
17860
17863
17869
17869
17876
17894
17906
17913
17922
17924
17961
17988
17989
17995
18005
18040
18045
18055
18059
18064
18078
18086
18087
18095
18096
18099
18102
18104
18106
18107
18117
18128
18138
18142
18147
18152
18160
18174
18175
18183
18197
18199
18221
18223
18232
18246
18249
18250
18258
18269
18272
18281
18315
18346
18347
18348
18359
18360
18361
18373
18392
18394
18425
18440
18443
18444
18449
18470
18485
18488
18502
18505
18513
18515
18516
18525
18530
18533
18536
18541
18556
18574
18578
18586
18601
18607
18624
18625
18633
18635
18638
18643
18646
18664
18670
18671
18691
18698
18701
18708
18753
18754
18762
18771
18789
18815
18818
18837
18840
18842
18845
18846
18858
18869
18874
18878
18896
18911
18926
18931
18941
18950
18951
18961
18961
18977
18982
18987
18999
19003
19010
19013
19013
19017
19021
19025
19030
19037
19045
19048
19054
19070
19075
19081
19084
19098
19103
19125
19137
19137
19141
19148
19183
19185
19191
19191
19192
19194
19202
19203
19213
19219
19219
19225
19228
19239
19261
19266
19276
19278
19283
19295
19301
19311
19328
19329
19335
19335
19337
19377
19388
19397
19400
19413
19414
19423
19449
19462
19462
19478
19494
19507
19513
19520
19522
19530
19544
19550
19563
19569
19574
19581
19587
19595
19598
19600
19602
19620
19628
19631
19632
19643
19672
19673
19690
19715
19719
19724
19725
19735
19754
19757
19770
19783
19792
19800
19811
19819
19828
19830
19843
19845
19854
19871
19873
19874
19874
19875
19877
19880
19893
19898
19901
19905
19906
19911
19914
19916
19922
19940
19952
19971
19985
19986
19999
19999
20003
20016
20028
20031
20033
20037
20045
20053
20057
20059
20060
20082
20097
20114
20127
20132
20132
20138
20144
20152
20159
20163
20173
20200
20209
20216
20230
20234
20239
20255
20262
20264
20268
20270
20271
20286
20286
20287
20290
20297
20298
20307
20309
20318
20326
20327
20332
20333
20336
20354
20364
20366
20378
20389
20391
20393
20393
20398
20416
20419
20426
20442
20446
20448
20471
20473
20484
20497
20517
20521
20534
20537
20540
20547
20558
20565
20568
20577
20579
20623
20628
20638
20640
20645
20649
20656
20659
20660
20680
20688
20688
20709
20709
20720
20724
20740
20744
20759
20778
20779
20781
20787
20789
20799
20799
20803
20817
20822
20824
20829
20855
20860
20901
20912
20918
20921
20965
20974
20976
20988
20998
21003
21013
21015
21017
21031
21049
21054
21060
21066
21092
21095
21096
21108
21124
21127
21131
21131
21137
21163
21171
21174
21178
21183
21186
21204
21205
21207
21228
21231
21236
21247
21250
21253
21255
21265
21274
21276
21281
21286
21295
21313
21325
21330
21347
21355
21358
21360
21369
21378
21379
21381
21394
21404
21420
21428
21437
21441
21441
21453
21455
21463
21474
21477
21491
21495
21501
21506
21507
21510
21515
21517
21517
21527
21528
21529
21534
21541
21545
21566
21573
21575
21578
21587
21588
21602
21605
21608
21613
21615
21624
21628
21644
21650
21652
21657
21672
21673
21691
21693
21694
21697
21709
21727
21730
21734
21752
21773
21774
21775
21795
21801
21813
21831
21840
21841
21843
21850
21857
21860
21887
21903
21913
21923
21930
21935
21937
21943
21952
21955
21966
22001
22004
22021
22032
22033
22043
22044
22046
22048
22051
22060
22062
22064
22064
22072
22074
22076
22078
22088
22095
22111
22111
22112
22132
22137
22139
22140
22149
22157
22160
22171
22183
22196
22213
22216
22226
22229
22234
22235
22239
22251
22261
22269
22271
22274
22277
22316
22328
22329
22336
22337
22337
22355
22362
22380
22386
22413
22431
22460
22469
22470
22494
22498
22507
22519
22523
22525
22527
22542
22544
22559
22565
22568
22568
22570
22595
22600
22615
22617
22623
22638
22641
22652
22653
22656
22664
22665
22668
22678
22691
22692
22714
22737
22738
22744
22751
22751
22756
22756
22758
22770
22780
22785
22786
22793
22796
22804
22807
22821
22822
22825
22838
22841
22842
22843
22848
22862
22868
22878
22887
22887
22888
22890
22900
22921
22923
22923
22924
22925
22942
22959
22960
23000
23012
23015
23015
23032
23037
23038
23040
23042
23045
23062
23068
23070
23083
23088
23090
23105
23132
23133
23136
23139
23145
23147
23172
23176
23193
23198
23211
23224
23233
23235
23251
23257
23257
23274
23274
23274
23279
23284
23293
23301
23304
23321
23326
23327
23338
23346
23350
23355
23373
23377
23378
23381
23388
23402
23408
23423
23442
23450
23460
23476
23477
23483
23488
23502
23523
23523
23538
23545
23546
23555
23565
23587
23595
23596
23600
23602
23607
23608
23615
23625
23637
23637
23671
23680
23704
23713
23716
23716
23724
23730
23731
23744
23765
23769
23772
23780
23788
23797
23807
23822
23836
23843
23854
23877
23887
23887
23889
23893
23897
23905
23910
23916
23920
23936
23937
23942
23947
23956
23964
23966
23979
23993
24001
24006
24008
24011
24037
24041
24043
24045
24060
24066
24076
24088
24090
24093
24112
24141
24147
24150
24155
24159
24171
24179
24187
24188
24190
24205
24207
24208
24209
24213
24228
24231
24238
24243
24247
24267
24269
24276
24288
24290
24290
24306
24319
24334
24335
24338
24341
24345
24347
24349
24361
24372
24376
24377
24387
24403
24412
24418
24423
24425
24429
24429
24434
24441
24443
24443
24465
24480
24480
24483
24486
24494
24501
24510
24542
24546
24549
24549
24552
24557
24558
24565
24569
24574
24576
24579
24580
24585
24588
24590
24593
24597
24598
24608
24609
24618
24620
24625
24636
24648
24653
24662
24663
24680
24682
24704
24706
24711
24718
24729
24729
24738
24754
24768
24777
24785
24789
24796
24809
24813
24834
24839
24843
24856
24874
24879
24881
24885
24914
24917
24940
24943
24954
24966
24976
24990
25006
25020
25023
25027
25030
25030
25032
25034
25056
25058
25060
25067
25088
25108
25117
25120
25127
25129
25131
25132
25137
25164
25188
25190
25204
25205
25211
25218
25237
25255
25258
25282
25290
25293
25295
25300
25303
25315
25321
25334
25350
25357
25366
25385
25389
25393
25395
25399
25408
25415
25419
25423
25426
25428
25436
25438
25449
25459
25460
25460
25464
25465
25472
25481
25494
25503
25508
25534
25535
25546
25558
25568
25569
25577
25581
25585
25587
25591
25593
25595
25604
25614
25615
25622
25655
25670
25671
25685
25708
25714
25716
25729
25735
25749
25750
25765
25771
25774
25776
25792
25800
25806
25816
25819
25832
25857
25862
25888
25893
25897
25907
25932
25934
25947
25948
25962
25976
25979
25989
25998
26003
26003
26031
26041
26045
26052
26065
26078
26091
26112
26123
26127
26139
26140
26142
26150
26154
26154
26159
26163
26168
26175
26182
26182
26183
26197
26197
26200
26204
26208
26212
26219
26224
26229
26230
26234
26236
26236
26247
26257
26259
26261
26265
26272
26275
26277
26291
26300
26301
26319
26322
26324
26332
26335
26343
26351
26356
26362
26364
26368
26384
26405
26413
26420
26437
26449
26456
26473
26474
26477
26479
26485
26492
26495
26511
26522
26543
26565
26567
26571
26572
26584
26588
26590
26593
26596
26621
26662
26663
26665
26672
26674
26675
26688
26703
26717
26738
26745
26757
26764
26764
26785
26791
26799
26804
26819
26824
26832
26840
26845
26848
26857
26859
26865
26865
26866
26868
26871
26879
26893
26901
26905
26908
26909
26918
26920
26923
26925
26931
26937
26939
26943
26943
26950
26957
26960
26982
26985
26989
27002
27005
27010
27024
27036
27040
27056
27061
27062
27074
27089
27107
27111
27117
27120
27127
27138
27139
27141
27144
27148
27161
27162
27170
27176
27183
27187
27190
27201
27203
27203
27205
27231
27237
27243
27246
27246
27258
27263
27264
27267
27270
27274
27281
27290
27311
27313
27317
27353
27357
27362
27367
27375
27380
27405
27406
27425
27430
27443
27449
27467
27470
27480
27481
27483
27483
27495
27501
27505
27508
27516
27524
27535
27535
27535
27538
27543
27551
27554
27554
27556
27583
27586
27599
27621
27629
27631
27632
27638
27651
27653
27658
27662
27676
27697
27708
27708
27713
27750
27766
27769
27782
27791
27793
27800
27802
27816
27843
27848
27853
27861
27862
27871
27873
27891
27894
27895
27895
27896
27919
27923
27925
27937
27949
27951
27962
27974
27978
27979
27979
27984
27998
28010
28016
28020
28028
28046
28050
28055
28067
28069
28071
28094
28095
28106
28117
28126
28136
28151
28169
28172
28173
28174
28187
28208
28209
28217
28218
28242
28244
28244
28253
28268
28274
28275
28279
28284
28286
28296
28300
28300
28301
28302
28303
28310
28310
28337
28338
28352
28352
28358
28379
28401
28405
28411
28413
28415
28417
28417
28428
28444
28453
28462
28462
28470
28470
28472
28477
28481
28488
28498
28506
28525
28541
28565
28567
28567
28570
28573
28593
28609
28610
28615
28631
28633
28638
28647
28694
28696
28700
28703
28715
28716
28720
28725
28741
28747
28747
28753
28762
28767
28771
28776
28787
28803
28821
28825
28836
28849
28850
28853
28855
28872
28874
28880
28882
28883
28892
28915
28926
28932
28934
28940
28941
28945
28953
28955
28956
28960
28961
28963
28968
28980
28984
28985
28987
29007
29038
29041
29046
29046
29060
29065
29071
29086
29102
29111
29114
29141
29146
29148
29163
29165
29186
29204
29222
29222
29225
29233
29243
29255
29258
29263
29284
29288
29317
29320
29329
29330
29336
29337
29346
29350
29376
29385
29387
29400
29400
29403
29406
29425
29435
29448
29464
29465
29476
29478
29482
29482
29492
29497
29506
29511
29520
29530
29533
29546
29546
29550
29555
29558
29560
29567
29587
29598
29607
29610
29612
29616
29622
29634
29640
29647
29648
29649
29655
29655
29657
29662
29674
29678
29689
29714
29732
29742
29746
29798
29803
29804
29820
29820
29828
29842
29862
29863
29872
29899
29944
29944
29948
29951
29964
29973
29992
29993
30006
30026
30037
30040
30042
30061
30067
30071
30073
30075
30079
30091
30117
30120
30130
30135
30141
30145
30146
30148
30149
30152
30171
30174
30179
30197
30202
30203
30204
30212
30216
30223
30226
30227
30240
30242
30287
30307
30309
30310
30327
30328
30337
30346
30348
30359
30363
30371
30372
30379
30387
30393
30395
30410
30430
30443
30450
30462
30463
30466
30485
30488
30496
30546
30547
30550
30556
30556
30573
30577
30578
30579
30580
30586
30591
30593
30604
30610
30610
30643
30648
30660
30660
30681
30686
30696
30696
30710
30724
30727
30736
30743
30747
30762
30762
30773
30778
30797
30799
30825
30862
30868
30872
30875
30885
30885
30895
30895
30899
30908
30926
30927
30934
30946
30953
30955
30965
30966
30966
30975
30992
31009
31010
31020
31020
31049
31052
31052
31056
31064
31066
31070
31097
31120
31120
31126
31126
31129
31141
31157
31173
31186
31188
31196
31202
31228
31240
31246
31252
31268
31282
31296
31301
31322
31332
31343
31345
31354
31360
31376
31377
31392
31427
31438
31446
31448
31455
31464
31485
31493
31496
31498
31500
31535
31543
31548
31566
31576
31578
31579
31583
31589
31603
31603
31614
31639
31662
31663
31678
31696
31700
31710
31727
31744
31748
31773
31785
31785
31788
31791
31794
31799
31804
31829
31843
31844
31846
31850
31850
31853
31863
31864
31868
31911
31926
31929
31940
31946
31946
31949
31956
31967
31974
31982
31985
31987
31991
31994
32009
32030
32036
32039
32065
32076
32080
32084
32087
32089
32096
32113
32130
32133
32144
32174
32184
32194
32213
32213
32226
32231
32237
32250
32251
32256
32257
32260
32271
32272
32276
32279
32293
32303
32304
32327
32331
32331
32343
32352
32371
32388
32388
32393
32410
32425
32427
32453
32464
32475
32482
32498
32508
32533
32534
32535
32537
32539
32542
32570
32583
32600
32603
32604
32611
32630
32637
32642
32643
32658
32666
32672
32677
32683
32690
32697
32700
32702
32730
32731
32752
32756
