2
14
15
16
23
25
29
40
40
48
61
67
68
69
93
103
108
109
109
118
153
155
163
172
189
191
191
199
203
217
218
222
222
247
257
265
275
280
290
293
298
326
352
352
353
359
369
375
377
418
436
438
453
478
493
503
504
516
542
544
544
546
547
552
553
554
564
566
573
581
598
598
600
609
619
630
636
638
638
640
655
668
672
680
697
703
708
748
754
756
758
759
804
808
808
809
811
815
816
819
819
822
825
835
850
872
876
877
883
887
890
914
932
936
964
974
974
981
991
1011
1021
1034
1038
1047
1048
1052
1056
1087
1089
1091
1100
1107
1120
1125
1127
1129
1141
1157
1186
1196
1197
1209
1214
1243
1244
1249
1262
1266
1281
1282
1311
1316
1321
1330
1330
1339
1344
1346
1350
1352
1363
1363
1366
1367
1383
1392
1397
1418
1420
1438
1456
1479
1479
1481
1485
1499
1503
1509
1518
1518
1521
1532
1535
1547
1551
1560
1561
1570
1571
1576
1577
1595
1603
1639
1655
1658
1676
1691
1693
1696
1716
1718
1752
1755
1758
1768
1769
1769
1780
1785
1788
1792
1795
1799
1812
1825
1855
1862
1870
1887
1894
1904
1920
1923
1932
1936
1948
1948
1951
1955
1958
1962
1975
1977
1988
1989
1991
1995
2006
2018
2024
2025
2026
2032
2044
2050
2050
2067
2069
2075
2078
2080
2080
2104
2118
2124
2126
2127
2127
2132
2162
2185
2189
2198
2204
2215
2230
2230
2232
2235
2237
2258
2266
2277
2286
2290
2293
2298
2307
2307
2313
2317
2319
2326
2326
2334
2347
2355
2361
2365
2368
2377
2386
2388
2391
2425
2436
2438
2441
2443
2450
2453
2472
2472
2475
2482
2500
2504
2517
2526
2539
2549
2557
2560
2570
2590
2591
2592
2601
2623
2631
2646
2650
2661
2676
2682
2689
2691
2694
2695
2697
2703
2707
2734
2752
2752
2755
2756
2763
2780
2790
2800
2807
2814
2815
2816
2839
2840
2854
2860
2863
2871
2884
2885
2890
2908
2918
2918
2919
2939
2960
2965
2996
3000
3007
3027
3037
3042
3053
3082
3084
3088
3092
3100
3101
3107
3133
3141
3147
3147
3150
3155
3166
3168
3172
3179
3182
3188
3190
3193
3197
3202
3209
3224
3227
3236
3242
3249
3254
3259
3263
3263
3267
3280
3295
3296
3302
3318
3325
3330
3332
3333
3334
3355
3372
3372
3381
3386
3391
3397
3403
3413
3424
3431
3436
3445
3483
3494
3495
3505
3515
3523
3538
3557
3570
3574
3577
3577
3588
3604
3612
3612
3612
3629
3630
3641
3661
3675
3677
3681
3697
3697
3714
3725
3728
3749
3753
3774
3778
3779
3795
3797
3802
3803
3814
3818
3826
3829
3832
3838
3838
3840
3844
3849
3852
3865
3870
3872
3875
3879
3887
3898
3902
3913
3916
3924
3936
3946
3971
3973
3976
4007
4018
4023
4024
4025
4025
4034
4051
4065
4074
4079
4103
4109
4119
4136
4137
4139
4145
4150
4169
4186
4189
4192
4193
4199
4200
4205
4205
4210
4214
4215
4215
4220
4221
4234
4237
4254
4261
4264
4274
4275
4281
4282
4284
4295
4303
4306
4316
4317
4339
4348
4348
4353
4360
4361
4362
4374
4381
4392
4395
4404
4439
4447
4455
4456
4462
4464
4464
4465
4469
4477
4488
4491
4510
4513
4514
4516
4518
4520
4529
4541
4542
4542
4546
4551
4562
4566
4567
4585
4603
4612
4620
4630
4634
4638
4657
4659
4665
4665
4669
4670
4677
4692
4696
4697
4708
4713
4717
4720
4721
4724
4730
4748
4754
4755
4762
4766
4778
4778
4789
4789
4803
4816
4820
4824
4836
4844
4855
4855
4857
4875
4897
4903
4912
4915
4917
4920
4926
4934
4936
4940
4942
4942
4968
4976
4978
4982
4990
5005
5011
5011
5021
5024
5025
5026
5027
5056
5056
5066
5067
5074
5074
5075
5093
5096
5099
5107
5121
5122
5132
5135
5138
5139
5144
5162
5163
5165
5167
5179
5184
5194
5201
5203
5203
5213
5221
5223
5245
5245
5246
5252
5263
5266
5272
5295
5296
5301
5322
5330
5331
5337
5362
5362
5362
5374
5390
5399
5401
5401
5402
5420
5424
5434
5458
5469
5470
5481
5482
5485
5505
5506
5507
5513
5523
5538
5552
5556
5568
5571
5581
5587
5598
5614
5623
5626
5629
5636
5640
5644
5647
5647
5654
5663
5676
5691
5708
5712
5730
5738
5740
5746
5747
5747
5758
5765
5767
5771
5773
5784
5785
5805
5817
5823
5837
5846
5854
5857
5876
5924
5933
5934
5934
5938
5956
5990
6008
6019
6025
6044
6047
6049
6049
6073
6079
6079
6085
6098
6104
6112
6123
6128
6134
6136
6141
6145
6151
6159
6160
6162
6168
6214
6219
6243
6258
6261
6263
6273
6316
6316
6323
6331
6349
6350
6359
6369
6370
6372
6379
6386
6391
6407
6410
6411
6421
6437
6447
6448
6458
6470
6471
6479
6495
6495
6496
6500
6502
6503
6504
6538
6554
6557
6558
6564
6576
6578
6580
6583
6589
6598
6607
6621
6621
6632
6646
6649
6653
6654
6681
6690
6695
6695
6709
6726
6728
6745
6754
6776
6776
6786
6793
6805
6810
6824
6825
6827
6858
6861
6865
6877
6879
6889
6903
6904
6906
6910
6928
6928
6939
6964
6967
6995
6999
7004
7022
7023
7025
7027
7029
7035
7054
7067
7069
7072
7074
7104
7118
7120
7125
7127
7144
7144
7187
7191
7194
7197
7215
7217
7223
7244
7248
7256
7258
7263
7267
7267
7271
7283
7310
7327
7341
7350
7350
7357
7358
7380
7388
7395
7396
7406
7409
7427
7438
7448
7452
7453
7462
7473
7476
7502
7504
7510
7512
7525
7527
7529
7536
7563
7568
7568
7573
7585
7586
7594
7599
7638
7647
7651
7659
7672
7677
7695
7700
7712
7714
7721
7727
7729
7733
7749
7754
7760
7760
7769
7770
7778
7779
7790
7791
7791
7794
7801
7804
7808
7810
7815
7820
7822
7838
7842
7852
7858
7861
7872
7916
7917
7918
7932
7933
7940
7941
7961
7981
7993
8003
8007
8010
8024
8024
8028
8032
8034
8040
8042
8043
8047
8053
8055
8056
8060
8077
8082
8084
8085
8087
8087
8113
8148
8149
8162
8169
8176
8189
8190
8193
8193
8215
8226
8246
8248
8261
8272
8279
8281
8292
8293
8299
8303
8322
8323
8328
8331
8331
8346
8350
8376
8377
8384
8385
8403
8412
8414
8425
8436
8447
8455
8455
8474
8475
8480
8482
8488
8497
8499
8500
8503
8508
8519
8532
8549
8560
8566
8576
8585
8592
8594
8600
8630
8639
8646
8662
8673
8674
8679
8681
8692
8696
8698
8702
8711
8735
8740
8748
8769
8770
8779
8783
8791
8797
8800
8800
8806
8808
8811
8818
8821
8832
8833
8837
8861
8878
8885
8891
8893
8894
8898
8900
8903
8905
8919
8922
8938
8942
8947
8954
8982
8993
9004
9015
9019
9038
9046
9051
9052
9054
9065
9079
9080
9090
9092
9102
9111
9125
9129
9137
9140
9143
9149
9156
9156
9157
9184
9185
9188
9190
9195
9211
9212
9223
9238
9239
9255
9266
9273
9289
9300
9313
9333
9334
9340
9353
9362
9362
9389
9405
9407
9407
9421
9421
9431
9433
9438
9438
9450
9450
9451
9461
9479
9482
9482
9493
9501
9512
9519
9561
9569
9574
9582
9587
9596
9597
9603
9609
9620
9624
9649
9650
9659
9667
9672
9683
9685
9694
9711
9713
9720
9723
9731
9738
9741
9753
9754
9754
9764
9770
9792
9803
9809
9818
9835
9836
9841
9852
9853
9865
9868
9870
9872
9882
9898
9900
9905
9911
9913
9914
9920
9937
9953
9956
9958
9959
9961
9964
9973
9977
9984
9996
9999
10029
10033
10034
10044
10048
10049
10089
10096
10098
10111
10135
10135
10138
10141
10143
10149
10152
10154
10155
10173
10190
10194
10195
10201
10225
10234
10249
10250
10253
10262
10272
10275
10276
10279
10282
10293
10295
10312
10318
10320
10327
10329
10340
10342
10358
10398
10399
10404
10426
10441
10444
10444
10458
10470
10491
10492
10494
10495
10496
10524
10544
10549
10551
10567
10569
10578
10581
10589
10592
10595
10603
10608
10613
10627
10702
10708
10717
10718
10719
10723
10746
10747
10750
10761
10769
10788
10792
10797
10819
10839
10850
10860
10873
10878
10881
10894
10901
10922
10929
10947
10953
10960
10962
10967
10974
10982
10990
10992
10999
11024
11027
11033
11037
11051
11051
11090
11104
11104
11105
11120
11125
11137
11146
11147
11149
11154
11162
11162
11187
11198
11200
11203
11210
11212
11219
11229
11245
11255
11256
11261
11274
11282
11290
11303
11303
11315
11315
11317
11329
11333
11334
11353
11359
11368
11383
11389
11392
11393
11395
11399
11403
11404
11424
11425
11427
11463
11467
11468
11487
11500
11508
11512
11526
11549
11554
11567
11567
11574
11586
11588
11591
11616
11625
11639
11648
11673
11679
11683
11685
11688
11690
11715
11718
11734
11744
11744
11751
11763
11767
11773
11776
11785
11788
11812
11823
11823
11834
11834
11860
11864
11866
11866
11867
11871
11885
11894
11895
11917
11922
11929
11930
11944
11949
11952
11957
11962
11963
11965
11969
11971
11972
11973
11978
11982
12009
12020
12021
12025
12032
12057
12070
12073
12073
12083
12087
12093
12097
12097
12099
12099
12113
12116
12119
12120
12129
12129
12130
12130
12132
12142
12151
12184
12198
12200
12225
12229
12244
12247
12247
12252
12269
12274
12282
12296
12301
12318
12320
12330
12338
12339
12339
12341
12342
12346
12360
12367
12372
12386
12387
12389
12390
12391
12399
12402
12406
12411
12413
12423
12426
12430
12436
12462
12506
12510
12514
12523
12530
12535
12536
12540
12553
12556
12566
12577
12588
12589
12595
12634
12637
12651
12662
12664
12666
12688
12691
12695
12717
12723
12740
12748
12751
12795
12800
12833
12862
12866
12875
12875
12887
12888
12892
12893
12908
12930
12943
12955
12994
12999
13009
13027
13028
13050
13068
13080
13087
13088
13096
13099
13111
13118
13120
13133
13141
13170
13180
13190
13193
13194
13197
13217
13220
13228
13230
13231
13237
13250
13282
13284
13302
13317
13319
13346
13358
13372
13383
13385
13387
13401
13407
13408
13426
13437
13442
13464
13471
13481
13482
13486
13495
13495
13498
13499
13522
13526
13533
13546
13566
13567
13574
13575
13581
13587
13605
13615
13625
13626
13633
13636
13643
13665
13687
13694
13712
13719
13733
13738
13749
13750
13751
13757
13767
13768
13785
13794
13797
13798
13811
13825
13835
13854
13859
13924
13943
13964
13966
13967
13970
13970
13979
13983
13992
13997
14000
14001
14001
14010
14028
14028
14034
14037
14040
14075
14084
14087
14109
14112
14118
14128
14135
14155
14159
14170
14179
14182
14201
14201
14204
14218
14221
14226
14233
14242
14248
14255
14256
14263
14310
14315
14318
14325
14327
14342
14344
14346
14354
14355
14363
14369
14383
14389
14391
14398
14407
14409
14421
14422
14432
14456
14459
14463
14466
14512
14516
14523
14539
14549
14552
14560
14562
14565
14587
14600
14600
14610
14611
14618
14631
14643
14646
14649
14653
14658
14658
14659
14677
14679
14683
14698
14701
14701
14720
14725
14725
14737
14742
14752
14754
14760
14762
14767
14770
14772
14777
14805
14834
14836
14843
14849
14859
14861
14864
14865
14872
14884
14911
14913
14964
14967
14975
14978
14991
15007
15013
15020
15021
15023
15031
15036
15037
15050
15052
15078
15081
15086
15087
15131
15137
15150
15158
15166
15167
15182
15186
15203
15204
15205
15227
15232
15236
15237
15238
15244
15250
15252
15254
15281
15282
15289
15290
15292
15294
15296
15297
15300
15301
15313
15325
15328
15332
15334
15341
15341
15347
15347
15352
15363
15366
15373
15414
15461
15461
15471
15474
15474
15487
15495
15500
15519
15534
15536
15543
15545
15556
15556
15557
15563
15565
15575
15576
15579
15593
15596
15604
15611
15621
15624
15654
15667
15670
15671
15672
15677
15683
15690
15720
15732
15734
15738
15740
15741
15744
15744
15749
15749
15763
15764
15788
15800
15800
15810
15823
15823
15827
15836
15842
15848
15854
15863
15869
15880
15881
15882
15907
15921
15922
15926
15930
15945
15949
15949
15951
15953
15975
15979
15982
16007
16009
16026
16041
16041
16046
16062
16076
16087
16088
16096
16098
16100
16102
16110
16128
16131
16150
16164
16164
16168
16171
16179
16180
16195
16200
16211
16237
16262
16263
16276
16302
16323
16344
16348
16354
16355
16357
16381
16392
16393
16404
16407
16407
16424
16428
16431
16437
16448
16448
16456
16461
16485
16488
16511
16519
16520
16522
16526
16534
16537
16544
16544
16545
16567
16580
16582
16587
16595
16609
16610
16613
16661
16662
16675
16680
16693
16700
16704
16706
16725
16735
16738
16752
16764
16765
16767
16770
16770
16780
16790
16793
16860
16863
16866
16870
16883
16886
16890
16899
16916
16929
16931
16934
16939
16941
16947
16959
16972
16979
16983
16989
16990
17013
17046
17046
17051
17056
17098
17099
17099
17116
17117
17118
17143
17147
17170
17179
17182
17183
17202
17204
17205
17213
17213
17223
17226
17231
17231
17235
17238
17246
17263
17264
17274
17287
17296
17300
17315
17319
17320
17321
17333
17335
17347
17365
17366
17367
17380
17392
17397
17400
17419
17422
17422
17423
17426
17430
17433
17442
17468
17475
17478
17487
17487
17502
17508
17510
17513
17534
17538
17561
17566
17572
17582
17585
17586
17600
17605
17628
17643
17651
17658
17661
17662
17667
17684
17689
17704
17705
17714
17729
17744
17744
17744
17753
17754
17776
17778
17801
17805
17808
17815
17820
17820
17832
17841
17845
17846
17856
17859
17862
17863
17866
17885
17889
17895
17898
17910
17919
17921
17939
17941
17947
17979
17985
17993
18006
18014
18035
18043
18048
18052
18071
18092
18100
18121
18123
18124
18131
18131
18143
18185
18186
18186
18207
18214
18219
18219
18222
18230
18269
18292
18301
18305
18324
18332
18334
18343
18347
18352
18352
18363
18377
18379
18379
18400
18406
18417
18426
18433
18436
18440
18481
18493
18517
18551
18559
18560
18573
18578
18590
18592
18594
18594
18595
18605
18610
18614
18624
18633
18659
18661
18665
18694
18700
18700
18707
18708
18726
18727
18734
18739
18740
18748
18761
18768
18778
18794
18798
18813
18814
18827
18861
18876
18890
18909
18914
18919
18938
18949
18956
18957
18958
18964
18965
18980
18981
18981
18992
18999
19004
19006
19014
19036
19055
19059
19063
19066
19069
19082
19082
19083
19083
19085
19119
19140
19141
19144
19174
19189
19192
19192
19197
19204
19221
19228
19241
19264
19269
19276
19286
19294
19308
19311
19348
19365
19377
19392
19405
19407
19433
19437
19439
19441
19445
19459
19463
19477
19485
19489
19490
19497
19499
19505
19506
19508
19528
19531
19540
19540
19552
19555
19573
19580
19603
19612
19615
19616
19622
19629
19637
19640
19667
19672
19675
19676
19680
19698
19723
19729
19735
19751
19764
19783
19789
19793
19793
19796
19797
19815
19827
19829
19845
19850
19862
19884
19884
19890
19895
19896
19896
19909
19910
19939
19960
19961
19970
19977
19979
19994
20003
20028
20031
20036
20049
20056
20056
20063
20065
20075
20103
20118
20141
20145
20154
20162
20170
20182
20192
20193
20212
20223
20229
20237
20238
20238
20251
20252
20259
20264
20266
20284
20286
20308
20326
20357
20378
20382
20390
20409
20416
20420
20421
20427
20428
20456
20460
20468
20482
20486
20522
20528
20528
20532
20536
20536
20536
20552
20557
20559
20559
20561
20569
20585
20606
20607
20627
20629
20633
20647
20648
20656
20658
20660
20667
20673
20682
20696
20699
20702
20710
20712
20729
20732
20749
20768
20779
20780
20787
20790
20795
20806
20816
20817
20817
20846
20865
20868
20881
20882
20887
20899
20901
20904
20904
20904
20916
20920
20938
20942
20943
20944
20948
20951
20958
20964
20977
20978
20982
20986
20988
20988
20997
21003
21005
21011
21023
21035
21039
21042
21047
21047
21047
21068
21068
21091
21099
21105
21125
21127
21136
21140
21147
21148
21155
21176
21177
21181
21186
21194
21194
21198
21200
21220
21243
21252
21260
21264
21265
21274
21292
21312
21316
21318
21321
21329
21338
21341
21342
21342
21344
21349
21351
21357
21388
21394
21396
21397
21402
21421
21425
21433
21436
21447
21453
21454
21455
21460
21463
21491
21506
21518
21524
21525
21529
21532
21554
21554
21565
21576
21600
21601
21601
21605
21627
21634
21634
21636
21644
21653
21654
21661
21663
21678
21678
21683
21689
21697
21701
21710
21727
21746
21751
21764
21766
21782
21787
21788
21796
21802
21824
21825
21831
21836
21860
21877
21886
21899
21904
21919
21922
21931
21941
21946
21947
21968
21986
21993
21994
22004
22012
22013
22028
22029
22032
22050
22052
22077
22089
22106
22109
22118
22120
22129
22139
22159
22170
22183
22224
22233
22234
22241
22262
22269
22270
22292
22292
22296
22298
22300
22305
22306
22317
22326
22329
22337
22342
22343
22352
22352
22353
22356
22357
22365
22365
22370
22373
22373
22379
22380
22386
22389
22391
22392
22397
22402
22411
22413
22423
22427
22428
22429
22443
22443
22445
22449
22462
22465
22480
22516
22517
22529
22530
22532
22542
22544
22544
22560
22582
22589
22598
22603
22624
22634
22637
22638
22641
22643
22647
22657
22657
22669
22677
22685
22688
22706
22714
22721
22726
22750
22751
22786
22795
22796
22800
22803
22809
22810
22812
22813
22827
22831
22832
22841
22860
22862
22874
22877
22934
22951
22952
22957
22961
22986
22993
23010
23012
23019
23023
23030
23036
23038
23039
23043
23066
23068
23070
23099
23143
23150
23151
23157
23160
23166
23167
23177
23195
23197
23204
23204
23205
23209
23215
23227
23242
23243
23245
23264
23287
23299
23313
23320
23332
23341
23343
23357
23393
23408
23418
23441
23454
23460
23470
23476
23489
23493
23493
23498
23516
23530
23574
23580
23581
23587
23588
23611
23625
23642
23648
23652
23672
23672
23677
23694
23697
23706
23707
23721
23730
23755
23758
23764
23774
23779
23787
23790
23797
23801
23804
23809
23827
23844
23846
23893
23898
23930
23930
23934
23942
23943
23957
23964
23972
23986
23993
24003
24012
24015
24026
24059
24061
24065
24067
24070
24070
24075
24080
24092
24098
24104
24112
24115
24127
24173
24175
24181
24182
24187
24196
24197
24202
24203
24205
24208
24208
24211
24214
24214
24220
24221
24232
24249
24250
24253
24276
24277
24280
24292
24304
24313
24333
24350
24352
24354
24360
24363
24377
24379
24382
24384
24388
24395
24406
24407
24423
24424
24424
24431
24432
24437
24442
24442
24444
24447
24462
24483
24514
24516
24526
24528
24548
24549
24559
24562
24572
24579
24585
24587
24590
24611
24623
24649
24656
24665
24666
24674
24676
24689
24698
24708
24728
24740
24746
24750
24764
24768
24769
24772
24788
24790
24791
24803
24817
24822
24827
24835
24846
24848
24850
24857
24865
24866
24893
24913
24914
24917
24926
24928
24931
24932
24932
24933
24933
24944
24945
24947
24950
24950
24954
24958
24966
24975
24981
24996
24998
25011
25039
25046
25053
25070
25074
25104
25114
25115
25119
25122
25128
25134
25136
25137
25140
25141
25142
25143
25145
25150
25154
25157
25171
25173
25177
25185
25188
25193
25212
25224
25226
25242
25243
25257
25266
25269
25295
25299
25308
25320
25340
25346
25349
25353
25355
25358
25359
25379
25381
25388
25398
25400
25410
25448
25458
25469
25475
25479
25482
25486
25520
25523
25531
25544
25545
25551
25564
25565
25570
25581
25586
25592
25594
25625
25631
25639
25641
25653
25655
25661
25662
25662
25667
25684
25712
25730
25742
25751
25764
25766
25769
25781
25782
25784
25784
25804
25809
25817
25826
25839
25839
25852
25853
25859
25867
25883
25890
25893
25896
25903
25907
25919
25921
25928
25931
25940
25953
25955
25955
25958
25983
25986
25994
25997
26015
26017
26032
26039
26039
26042
26045
26048
26054
26080
26088
26090
26112
26113
26119
26121
26127
26140
26144
26148
26152
26184
26189
26201
26217
26241
26242
26259
26289
26300
26318
26323
26346
26346
26351
26360
26379
26387
26395
26409
26415
26426
26436
26436
26439
26464
26483
26484
26488
26494
26515
26524
26532
26533
26534
26575
26581
26593
26594
26608
26611
26612
26635
26637
26642
26658
26662
26678
26679
26681
26683
26700
26708
26711
26718
26721
26722
26738
26743
26745
26748
26748
26779
26781
26794
26796
26799
26802
26824
26824
26832
26837
26840
26842
26844
26852
26917
26922
26927
26935
26935
26939
26946
26957
26957
26965
26967
26969
26978
26986
27012
27019
27020
27021
27026
27026
27036
27037
27040
27055
27059
27069
27070
27081
27081
27085
27086
27111
27135
27180
27185
27186
27187
27210
27212
27216
27218
27227
27229
27229
27233
27234
27234
27241
27243
27245
27271
27272
27290
27305
27305
27312
27324
27326
27334
27342
27344
27347
27348
27351
27351
27356
27360
27360
27364
27375
27396
27400
27400
27418
27432
27448
27471
27471
27494
27503
27509
27518
27538
27549
27557
27562
27605
27607
27623
27626
27630
27633
27638
27648
27661
27679
27682
27683
27685
27693
27695
27698
27699
27706
27713
27733
27735
27772
27779
27787
27788
27829
27830
27850
27858
27863
27870
27874
27914
27916
27937
27939
27945
27948
27971
27971
27979
27982
27988
27989
28004
28010
28025
28025
28026
28034
28034
28038
28038
28045
28052
28081
28082
28084
28085
28090
28095
28105
28111
28128
28134
28152
28156
28166
28170
28173
28186
28190
28202
28204
28209
28211
28229
28229
28240
28249
28253
28268
28272
28326
28329
28335
28339
28350
28362
28365
28368
28371
28374
28378
28382
28392
28400
28402
28403
28404
28404
28409
28410
28415
28416
28417
28417
28425
28448
28449
28450
28452
28454
28473
28475
28480
28487
28499
28504
28505
28515
28518
28530
28538
28541
28546
28555
28565
28588
28592
28595
28595
28596
28614
28616
28618
28622
28631
28638
28650
28651
28652
28655
28664
28668
28668
28676
28691
28695
28700
28702
28706
28725
28748
28753
28763
28765
28767
28781
28787
28814
28837
28846
28847
28868
28874
28879
28888
28890
28894
28896
28909
28920
28939
28942
28969
28971
28973
28991
29001
29009
29024
29030
29034
29053
29056
29061
29074
29083
29085
29092
29100
29111
29115
29127
29129
29139
29143
29147
29150
29152
29155
29165
29165
29173
29173
29183
29183
29190
29195
29207
29209
29211
29233
29234
29240
29244
29257
29266
29275
29280
29283
29289
29292
29298
29312
29315
29349
29362
29367
29379
29382
29383
29395
29397
29414
29416
29430
29439
29453
29463
29477
29485
29504
29507
29507
29518
29543
29547
29548
29553
29556
29558
29561
29574
29575
29592
29593
29593
29605
29606
29611
29626
29631
29632
29645
29647
29656
29656
29660
29666
29669
29672
29674
29695
29700
29701
29704
29734
29737
29743
29747
29756
29788
29800
29813
29824
29835
29841
29847
29858
29874
29882
29884
29894
29897
29899
29901
29906
29914
29923
29931
29958
29964
29966
29969
29972
29973
29989
30013
30016
30039
30047
30063
30069
30072
30075
30081
30081
30097
30100
30109
30112
30124
30126
30137
30140
30141
30147
30147
30157
30175
30179
30189
30195
30195
30197
30203
30215
30222
30231
30244
30254
30254
30256
30261
30270
30315
30316
30324
30335
30338
30349
30376
30378
30383
30387
30398
30412
30412
30421
30422
30423
30424
30435
30450
30457
30460
30461
30467
30490
30513
30533
30556
30559
30562
30565
30568
30570
30579
30581
30591
30601
30609
30617
30634
30648
30652
30654
30659
30670
30697
30700
30712
30721
30726
30729
30736
30741
30753
30767
30783
30810
30832
30833
30834
30843
30853
30854
30862
30868
30872
30894
30896
30905
30917
30918
30938
30938
30946
30957
30959
30966
30984
30986
30986
30988
30989
30993
30995
30997
30999
31006
31006
31009
31017
31024
31026
31042
31050
31064
31064
31071
31074
31075
31077
31078
31087
31094
31096
31096
31100
31114
31147
31151
31155
31160
31162
31163
31164
31166
31172
31174
31185
31196
31197
31201
31206
31212
31213
31237
31241
31261
31261
31262
31270
31278
31290
31317
31324
31341
31344
31346
31358
31365
31376
31378
31379
31381
31393
31396
31397
31398
31409
31420
31420
31454
31457
31462
31463
31481
31487
31494
31509
31518
31524
31525
31526
31527
31541
31546
31566
31587
31589
31609
31610
31623
31632
31640
31652
31654
31654
31654
31657
31695
31700
31704
31705
31711
31711
31752
31755
31762
31769
31774
31784
31792
31801
31803
31810
31831
31832
31847
31849
31882
31896
31901
31905
31908
31924
31929
31960
31983
31985
31986
31993
32007
32026
32042
32044
32044
32047
32062
32068
32071
32074
32079
32090
32095
32100
32102
32127
32133
32137
32149
32152
32159
32160
32168
32170
32177
32179
32181
32184
32213
32217
32218
32235
32246
32254
32255
32269
32274
32287
32296
32300
32303
32312
32320
32320
32363
32377
32378
32379
32382
32408
32427
32427
32444
32447
32454
32464
32468
32477
32479
32491
32497
32498
32506
32510
32522
32542
32543
32564
32573
32585
32587
32588
32589
32602
32630
32638
32650
32654
32667
32668
32670
32677
32685
32685
32685
32686
32687
32694
32698
32706
32708
32718
32725
32737
32737
32752
32756
32766
