21
22
35
49
52
72
85
93
103
133
136
137
141
152
154
164
167
169
173
186
219
227
231
238
245
246
252
255
270
276
277
287
288
309
312
331
340
342
342
346
350
357
368
368
371
374
376
387
407
427
437
438
463
478
480
486
499
501
511
523
524
533
541
556
556
569
574
581
583
605
619
624
635
645
649
661
664
666
682
690
695
700
702
727
727
730
734
739
750
760
763
765
785
807
818
825
833
834
835
862
866
872
888
902
906
912
914
932
934
944
950
954
956
960
964
970
1003
1010
1024
1046
1069
1070
1077
1082
1082
1087
1112
1133
1136
1152
1164
1175
1175
1175
1192
1198
1216
1223
1232
1252
1257
1275
1282
1284
1292
1297
1304
1308
1312
1312
1313
1314
1316
1354
1355
1358
1374
1374
1383
1390
1394
1411
1428
1439
1440
1447
1449
1473
1485
1490
1502
1538
1562
1566
1582
1586
1596
1601
1607
1619
1620
1631
1637
1646
1649
1657
1657
1693
1696
1716
1717
1727
1729
1746
1748
1752
1752
1761
1785
1791
1800
1801
1822
1839
1857
1862
1868
1893
1897
1902
1916
1932
1932
1933
1940
1952
1953
1970
1979
1995
1999
2006
2007
2011
2025
2035
2038
2092
2097
2097
2111
2116
2118
2138
2145
2148
2159
2162
2176
2182
2182
2184
2195
2202
2202
2229
2269
2273
2284
2290
2293
2293
2297
2297
2307
2316
2321
2342
2342
2346
2347
2351
2359
2368
2373
2411
2438
2440
2441
2442
2457
2485
2492
2518
2526
2541
2543
2555
2579
2580
2595
2608
2616
2617
2620
2622
2633
2640
2646
2667
2698
2706
2707
2714
2740
2743
2746
2767
2769
2780
2783
2784
2791
2799
2805
2810
2816
2826
2848
2850
2861
2873
2879
2879
2897
2898
2909
2911
2926
2930
2931
2932
2934
2946
2952
2953
2981
2982
3000
3024
3033
3034
3042
3053
3053
3066
3068
3085
3088
3099
3100
3104
3106
3126
3132
3143
3152
3165
3172
3179
3185
3185
3194
3198
3203
3219
3220
3229
3234
3239
3241
3244
3247
3254
3295
3301
3305
3316
3329
3341
3343
3348
3378
3381
3391
3392
3413
3419
3421
3424
3425
3436
3445
3446
3460
3463
3464
3465
3467
3468
3472
3487
3489
3496
3500
3522
3523
3530
3538
3541
3542
3545
3551
3555
3595
3597
3599
3600
3605
3612
3615
3633
3634
3635
3654
3691
3698
3700
3709
3726
3728
3731
3733
3737
3742
3751
3757
3765
3779
3780
3785
3787
3794
3796
3796
3799
3803
3803
3804
3821
3826
3837
3842
3849
3850
3861
3862
3870
3883
3884
3886
3897
3903
3905
3917
3922
3927
3929
3939
3957
3974
3975
3979
3985
3991
3991
3994
3995
3997
4001
4005
4010
4021
4022
4026
4054
4061
4074
4076
4085
4086
4086
4097
4106
4109
4111
4117
4120
4130
4130
4136
4136
4138
4144
4146
4149
4162
4191
4192
4193
4201
4205
4208
4222
4235
4247
4252
4256
4256
4257
4258
4264
4270
4273
4280
4280
4289
4292
4299
4309
4314
4319
4320
4321
4325
4336
4369
4370
4372
4376
4399
4401
4403
4406
4428
4435
4458
4463
4466
4479
4481
4487
4541
4541
4567
4573
4583
4586
4592
4595
4599
4606
4608
4609
4618
4629
4632
4633
4641
4651
4656
4670
4672
4680
4685
4687
4691
4697
4704
4704
4710
4722
4725
4733
4753
4762
4767
4775
4800
4804
4816
4818
4828
4838
4839
4840
4844
4848
4848
4852
4858
4867
4878
4885
4890
4915
4921
4922
4922
4931
4939
4953
4954
4957
4957
4962
4975
4977
4988
4988
5006
5008
5009
5013
5014
5023
5039
5042
5044
5045
5054
5059
5062
5070
5074
5122
5123
5132
5138
5150
5155
5157
5164
5174
5179
5180
5189
5189
5197
5214
5222
5224
5227
5238
5241
5254
5256
5260
5272
5274
5276
5285
5285
5287
5289
5294
5300
5305
5307
5312
5328
5350
5353
5354
5362
5362
5363
5363
5365
5375
5376
5378
5378
5388
5408
5416
5444
5480
5483
5497
5502
5542
5542
5545
5566
5568
5572
5585
5589
5605
5629
5668
5671
5672
5674
5681
5692
5707
5709
5711
5712
5718
5721
5733
5735
5739
5762
5767
5771
5779
5788
5793
5793
5809
5812
5818
5818
5825
5881
5885
5892
5895
5904
5905
5908
5928
5945
5948
5959
5962
5966
5994
5999
6001
6004
6006
6010
6010
6013
6019
6033
6036
6043
6046
6065
6070
6099
6105
6120
6123
6134
6136
6152
6171
6193
6198
6198
6199
6204
6208
6231
6233
6237
6259
6263
6268
6272
6275
6292
6312
6314
6320
6333
6347
6350
6359
6363
6376
6383
6393
6412
6413
6414
6432
6434
6472
6475
6476
6480
6483
6486
6493
6497
6498
6500
6500
6512
6514
6517
6518
6534
6537
6548
6548
6568
6569
6574
6586
6601
6605
6608
6613
6618
6622
6622
6625
6633
6640
6641
6648
6648
6661
6670
6670
6692
6703
6712
6719
6723
6727
6728
6760
6761
6770
6774
6778
6787
6802
6805
6807
6808
6823
6826
6834
6852
6855
6855
6873
6874
6877
6879
6912
6912
6919
6927
6928
6934
6935
6936
6937
6951
6980
6986
6989
6995
6997
7016
7019
7026
7033
7052
7053
7057
7060
7072
7073
7092
7113
7115
7123
7131
7176
7181
7184
7186
7187
7202
7203
7208
7231
7239
7257
7258
7258
7258
7261
7261
7282
7282
7284
7288
7289
7291
7292
7293
7303
7321
7323
7327
7335
7336
7337
7338
7351
7360
7373
7384
7395
7403
7425
7426
7431
7434
7436
7436
7445
7461
7480
7493
7498
7524
7540
7558
7559
7564
7571
7584
7595
7601
7611
7621
7623
7624
7632
7661
7662
7670
7671
7680
7695
7699
7712
7730
7751
7757
7760
7770
7772
7772
7789
7797
7797
7810
7816
7822
7827
7831
7835
7837
7841
7850
7852
7852
7854
7860
7890
7893
7894
7897
7900
7906
7911
7912
7932
7946
7947
7950
7956
7960
7964
7965
7968
7978
7986
7986
7994
7997
8000
8001
8005
8015
8016
8026
8034
8049
8054
8060
8067
8072
8075
8076
8098
8098
8111
8142
8142
8143
8155
8170
8178
8183
8217
8223
8235
8236
8250
8253
8256
8259
8260
8265
8277
8283
8309
8317
8330
8331
8338
8362
8362
8383
8389
8390
8391
8397
8398
8402
8408
8413
8425
8458
8468
8477
8478
8499
8500
8516
8516
8520
8527
8548
8556
8559
8571
8572
8591
8592
8594
8596
8597
8606
8617
8617
8625
8631
8633
8640
8641
8643
8650
8656
8660
8665
8665
8689
8690
8703
8711
8713
8717
8736
8764
8767
8768
8778
8782
8788
8789
8805
8807
8819
8825
8825
8827
8836
8837
8839
8871
8874
8877
8889
8899
8904
8906
8941
8947
8947
8949
8951
8963
8980
8988
8993
8999
9006
9027
9029
9053
9068
9069
9074
9088
9098
9113
9118
9121
9134
9143
9145
9145
9155
9155
9157
9165
9168
9171
9183
9186
9191
9196
9209
9220
9222
9226
9234
9246
9248
9252
9255
9255
9259
9263
9264
9276
9284
9286
9302
9307
9330
9331
9358
9360
9383
9392
9393
9406
9410
9411
9419
9425
9440
9442
9447
9462
9476
9483
9489
9493
9494
9509
9520
9528
9533
9546
9546
9547
9554
9568
9569
9584
9595
9604
9608
9613
9616
9634
9657
9687
9697
9697
9706
9713
9720
9745
9747
9751
9754
9754
9763
9785
9803
9803
9805
9821
9825
9828
9830
9830
9837
9853
9863
9870
9873
9878
9882
9902
9911
9914
9931
9934
9940
9941
9946
9948
9949
9950
9991
10000
10005
10017
10018
10022
10028
10062
10065
10074
10077
10086
10092
10099
10112
10114
10124
10134
10154
10164
10170
10197
10207
10219
10229
10233
10234
10250
10253
10270
10271
10272
10275
10292
10314
10329
10389
10391
10396
10416
10431
10443
10445
10463
10474
10480
10509
10510
10529
10530
10532
10535
10536
10544
10544
10556
10556
10569
10576
10591
10601
10603
10605
10609
10623
10630
10639
10641
10642
10652
10669
10669
10676
10683
10697
10700
10700
10703
10706
10706
10709
10717
10722
10725
10739
10741
10746
10763
10769
10803
10804
10812
10825
10825
10829
10842
10847
10852
10852
10853
10876
10882
10885
10887
10889
10909
10920
10920
10921
10928
10934
10937
10945
10950
10955
11010
11027
11028
11041
11043
11045
11045
11046
11058
11067
11082
11090
11107
11112
11112
11118
11129
11135
11152
11154
11175
11179
11191
11199
11209
11210
11213
11215
11218
11221
11228
11237
11243
11244
11244
11248
11254
11263
11272
11284
11290
11291
11298
11326
11329
11334
11338
11340
11354
11359
11368
11378
11394
11401
11405
11421
11446
11459
11465
11478
11481
11486
11496
11505
11508
11508
11517
11527
11527
11530
11561
11564
11571
11583
11584
11590
11604
11627
11635
11638
11642
11643
11653
11659
11669
11673
11673
11680
11683
11686
11705
11718
11732
11756
11759
11759
11762
11763
11765
11767
11770
11781
11783
11784
11787
11790
11803
11813
11817
11828
11829
11829
11848
11851
11851
11859
11859
11874
11883
11884
11887
11906
11911
11912
11923
11976
11983
11998
12010
12026
12033
12045
12064
12076
12078
12081
12082
12103
12106
12108
12109
12112
12112
12123
12125
12134
12145
12156
12159
12176
12177
12216
12229
12245
12259
12264
12272
12273
12293
12301
12304
12307
12307
12313
12327
12339
12357
12358
12362
12366
12369
12385
12416
12418
12419
12421
12422
12428
12431
12434
12436
12438
12461
12462
12481
12481
12506
12517
12517
12529
12532
12533
12541
12542
12553
12566
12576
12579
12581
12583
12589
12598
12608
12614
12616
12644
12648
12687
12700
12702
12706
12713
12714
12714
12715
12716
12727
12734
12748
12751
12766
12770
12774
12775
12778
12789
12796
12806
12808
12811
12822
12831
12850
12859
12880
12881
12881
12883
12886
12894
12901
12904
12918
12932
12938
12939
12955
12957
12968
12970
12975
12976
12997
12998
13007
13016
13024
13029
13040
13065
13069
13070
13078
13083
13087
13096
13100
13107
13120
13139
13140
13141
13142
13144
13153
13156
13161
13172
13183
13203
13217
13219
13230
13240
13267
13270
13271
13282
13285
13297
13321
13324
13338
13361
13386
13391
13394
13395
13403
13406
13420
13437
13450
13463
13467
13492
13508
13514
13533
13569
13572
13573
13574
13578
13600
13624
13629
13629
13633
13642
13652
13661
13667
13670
13676
13676
13688
13690
13715
13723
13726
13743
13745
13754
13755
13757
13762
13773
13783
13783
13784
13785
13785
13798
13803
13806
13848
13855
13870
13870
13901
13908
13920
13924
13935
13966
13986
13999
14003
14019
14025
14025
14025
14036
14039
14049
14062
14063
14065
14066
14075
14077
14084
14086
14089
14095
14123
14154
14156
14177
14178
14181
14183
14196
14199
14202
14206
14224
14255
14273
14281
14283
14285
14292
14293
14302
14308
14322
14330
14346
14348
14351
14358
14360
14366
14374
14390
14400
14410
14421
14428
14435
14435
14439
14444
14454
14466
14468
14477
14482
14489
14489
14493
14499
14501
14506
14517
14528
14528
14530
14534
14536
14553
14558
14562
14569
14575
14578
14582
14590
14596
14603
14616
14622
14633
14640
14642
14643
14643
14649
14661
14666
14682
14689
14691
14699
14722
14733
14735
14747
14757
14763
14779
14795
14805
14807
14826
14851
14851
14852
14891
14900
14906
14908
14945
14960
14964
14969
14970
14977
14986
14988
15007
15008
15020
15034
15044
15044
15052
15069
15070
15079
15085
15087
15095
15096
15101
15105
15112
15115
15143
15148
15151
15171
15179
15185
15203
15209
15209
15209
15213
15217
15246
15255
15268
15269
15283
15291
15294
15301
15301
15303
15304
15314
15322
15328
15350
15352
15358
15369
15377
15385
15393
15400
15419
15429
15441
15444
15454
15454
15470
15474
15482
15494
15502
15505
15511
15526
15526
15545
15551
15579
15583
15595
15600
15604
15613
15639
15641
15649
15657
15664
15665
15678
15680
15682
15686
15690
15704
15710
15711
15723
15727
15729
15743
15746
15755
15758
15759
15766
15775
15780
15788
15792
15797
15800
15804
15817
15832
15851
15851
15860
15873
15873
15887
15913
15921
15926
15940
15951
15956
15977
15980
15981
15986
15992
15998
16000
16003
16004
16009
16026
16031
16035
16039
16043
16045
16078
16082
16086
16089
16107
16117
16151
16153
16157
16161
16171
16177
16178
16187
16194
16195
16199
16210
16214
16217
16230
16234
16236
16240
16270
16276
16283
16284
16284
16299
16320
16322
16335
16345
16348
16366
16374
16384
16394
16424
16433
16434
16439
16453
16455
16466
16471
16484
16489
16494
16498
16503
16508
16532
16533
16540
16544
16549
16550
16558
16564
16568
16587
16600
16618
16621
16623
16628
16637
16640
16646
16656
16672
16685
16689
16691
16705
16707
16732
16739
16741
16741
16753
16756
16773
16773
16786
16793
16794
16796
16797
16798
16801
16804
16806
16817
16820
16825
16831
16833
16840
16841
16851
16860
16861
16865
16868
16869
16878
16879
16887
16905
16925
16927
16930
16936
16958
16962
16963
16992
17000
17010
17010
17024
17028
17038
17052
17064
17064
17076
17085
17091
17092
17117
17126
17140
17142
17147
17152
17155
17158
17162
17169
17172
17182
17185
17202
17207
17214
17217
17230
17255
17257
17270
17271
17277
17278
17297
17300
17302
17306
17320
17321
17324
17328
17338
17338
17341
17342
17346
17357
17365
17371
17373
17379
17394
17399
17406
17407
17408
17423
17423
17424
17431
17444
17465
17508
17524
17538
17538
17541
17548
17552
17557
17566
17579
17581
17590
17600
17604
17614
17624
17638
17639
17639
17647
17653
17661
17665
17668
17689
17693
17694
17702
17714
17732
17765
17772
17780
17817
17827
17839
17862
17873
17881
17883
17887
17889
17908
17912
17944
17951
17953
17955
17964
17971
17978
17979
17980
17986
17987
17992
17999
18023
18031
18037
18061
18066
18073
18074
18094
18095
18098
18103
18115
18123
18130
18145
18146
18154
18167
18170
18171
18184
18192
18204
18205
18209
18230
18234
18237
18255
18263
18270
18280
18295
18305
18316
18322
18333
18342
18344
18349
18362
18362
18372
18373
18387
18415
18434
18439
18450
18456
18460
18460
18464
18487
18490
18507
18507
18527
18538
18556
18564
18577
18581
18582
18582
18584
18587
18592
18592
18610
18614
18624
18629
18639
18640
18644
18660
18665
18667
18668
18672
18680
18728
18740
18793
18794
18806
18808
18813
18830
18834
18846
18864
18865
18865
18898
18910
18925
18930
18932
18939
18941
18946
18961
18991
18994
19008
19008
19021
19033
19035
19041
19046
19047
19072
19085
19090
19099
19117
19117
19131
19137
19143
19148
19154
19154
19155
19167
19168
19174
19175
19176
19181
19186
19189
19192
19197
19202
19226
19233
19252
19268
19270
19281
19286
19299
19305
19310
19313
19317
19336
19352
19359
19363
19369
19369
19374
19376
19381
19384
19386
19389
19396
19412
19442
19450
19473
19478
19488
19493
19499
19501
19502
19513
19517
19537
19546
19546
19548
19552
19552
19553
19560
19581
19583
19596
19602
19619
19619
19650
19654
19656
19660
19661
19669
19686
19689
19692
19697
19708
19716
19717
19741
19743
19746
19747
19754
19776
19781
19792
19803
19810
19813
19838
19840
19844
19845
19847
19864
19905
19912
19915
19929
19945
19945
19947
19954
19957
19962
19965
19966
19972
20007
20027
20035
20035
20041
20043
20058
20084
20086
20091
20093
20098
20103
20109
20110
20114
20117
20120
20133
20136
20138
20148
20149
20150
20152
20154
20155
20156
20158
20176
20186
20210
20220
20222
20227
20230
20248
20259
20273
20277
20282
20301
20312
20312
20313
20316
20330
20337
20337
20345
20359
20363
20376
20378
20389
20394
20410
20415
20416
20418
20447
20455
20459
20463
20468
20484
20485
20486
20486
20505
20510
20515
20524
20533
20535
20542
20552
20553
20568
20576
20594
20595
20609
20615
20616
20619
20624
20630
20648
20665
20669
20687
20711
20712
20715
20719
20724
20734
20737
20748
20765
20771
20790
20806
20829
20832
20833
20844
20854
20865
20888
20903
20907
20914
20914
20929
20934
20935
20950
20954
20955
20960
20968
20982
20983
20990
21002
21012
21012
21019
21047
21050
21061
21073
21086
21089
21092
21099
21100
21105
21142
21155
21156
21161
21161
21163
21170
21170
21177
21182
21204
21216
21219
21219
21233
21253
21260
21272
21277
21295
21305
21307
21311
21317
21318
21332
21333
21350
21353
21353
21356
21359
21367
21379
21381
21382
21422
21423
21430
21432
21439
21455
21456
21460
21462
21467
21468
21472
21475
21487
21496
21513
21515
21533
21542
21547
21552
21593
21604
21609
21620
21631
21653
21659
21663
21693
21695
21698
21707
21709
21739
21740
21757
21762
21771
21773
21777
21788
21791
21813
21814
21815
21821
21835
21842
21847
21861
21862
21872
21875
21902
21933
21946
21967
21976
21991
21994
22007
22014
22032
22049
22052
22069
22075
22082
22083
22083
22107
22109
22126
22135
22156
22161
22185
22188
22200
22222
22234
22253
22268
22272
22282
22283
22285
22296
22300
22305
22307
22315
22327
22328
22348
22360
22365
22385
22396
22415
22416
22417
22426
22428
22432
22459
22461
22473
22475
22487
22488
22494
22494
22496
22503
22517
22527
22530
22549
22562
22569
22571
22572
22579
22597
22598
22627
22627
22628
22641
22650
22659
22676
22692
22717
22719
22728
22739
22748
22756
22761
22776
22788
22804
22807
22809
22809
22815
22821
22822
22832
22835
22839
22843
22846
22850
22852
22862
22874
22878
22888
22891
22906
22910
22930
22937
22940
22949
22958
22963
22969
22978
22990
23010
23011
23019
23020
23028
23030
23034
23034
23040
23047
23049
23054
23059
23066
23069
23079
23082
23097
23102
23104
23113
23124
23132
23146
23159
23163
23180
23186
23209
23218
23219
23223
23230
23234
23247
23251
23254
23267
23275
23278
23278
23281
23291
23294
23295
23304
23316
23326
23327
23346
23354
23366
23372
23379
23384
23386
23391
23400
23425
23429
23435
23447
23450
23453
23455
23458
23461
23462
23465
23471
23483
23511
23511
23512
23513
23516
23527
23528
23530
23535
23537
23538
23543
23548
23552
23557
23557
23563
23566
23582
23595
23612
23622
23639
23643
23649
23657
23668
23670
23673
23675
23676
23715
23725
23726
23731
23736
23745
23747
23750
23769
23773
23787
23790
23796
23797
23799
23813
23817
23818
23825
23826
23827
23829
23836
23839
23866
23868
23876
23883
23895
23908
23913
23913
23933
23955
23970
23975
23980
23986
23987
23990
23991
23995
24012
24014
24023
24028
24035
24054
24057
24077
24083
24088
24099
24101
24104
24104
24150
24166
24175
24176
24179
24187
24191
24209
24214
24248
24251
24256
24278
24279
24279
24284
24285
24285
24296
24297
24299
24306
24329
24333
24340
24341
24350
24379
24380
24383
24384
24388
24389
24390
24419
24437
24441
24447
24453
24457
24474
24484
24494
24499
24502
24516
24518
24519
24520
24523
24535
24549
24591
24597
24599
24600
24601
24604
24621
24639
24652
24658
24661
24665
24670
24678
24678
24679
24680
24694
24711
24716
24727
24737
24747
24749
24756
24760
24761
24777
24780
24780
24797
24842
24843
24854
24856
24858
24865
24866
24872
24890
24896
24904
24907
24922
24927
24933
24941
24941
24947
24953
24965
24987
25001
25001
25013
25027
25029
25032
25037
25038
25057
25066
25078
25078
25079
25083
25095
25100
25109
25112
25114
25121
25129
25138
25139
25159
25172
25182
25198
25210
25211
25213
25215
25215
25216
25217
25217
25242
25255
25260
25261
25263
25273
25292
25318
25321
25321
25330
25332
25333
25345
25346
25351
25356
25364
25372
25378
25379
25387
25392
25392
25422
25432
25433
25437
25438
25454
25461
25470
25484
25485
25496
25500
25503
25505
25521
25524
25526
25536
25546
25551
25551
25557
25560
25561
25561
25569
25572
25583
25594
25594
25595
25597
25599
25603
25605
25611
25613
25621
25633
25647
25650
25653
25660
25663
25682
25703
25721
25726
25727
25748
25750
25754
25766
25773
25775
25780
25800
25805
25816
25816
25828
25834
25835
25841
25843
25847
25855
25856
25860
25863
25870
25875
25899
25920
25924
25924
25942
25950
25954
25955
25972
25972
25985
26000
26008
26024
26026
26029
26037
26045
26048
26049
26064
26070
26071
26084
26085
26086
26103
26108
26109
26115
26137
26141
26145
26148
26149
26150
26162
26165
26222
26234
26234
26244
26248
26252
26277
26281
26283
26287
26294
26300
26315
26322
26327
26340
26340
26341
26346
26347
26358
26369
26385
26390
26391
26394
26407
26412
26415
26417
26441
26454
26461
26465
26467
26470
26474
26477
26478
26485
26502
26509
26515
26520
26524
26527
26549
26573
26579
26590
26596
26602
26622
26637
26641
26642
26643
26648
26650
26657
26662
26671
26694
26700
26701
26708
26709
26716
26717
26728
26740
26746
26752
26768
26774
26788
26788
26793
26795
26797
26798
26798
26810
26826
26851
26854
26858
26873
26879
26897
26906
26915
26917
26929
26933
26948
26956
26962
26974
26980
27000
27019
27030
27049
27055
27087
27088
27090
27094
27098
27121
27121
27127
27136
27145
27148
27156
27193
27209
27214
27223
27231
27252
27255
27266
27267
27281
27281
27306
27314
27322
27332
27336
27351
27363
27373
27375
27399
27402
27412
27436
27441
27448
27461
27462
27465
27466
27481
27483
27484
27501
27507
27513
27518
27553
27561
27562
27563
27603
27611
27612
27627
27629
27640
27648
27649
27652
27686
27694
27695
27707
27716
27726
27729
27732
27735
27764
27764
27768
27772
27777
27780
27783
27783
27783
27793
27801
27804
27815
27832
27849
27852
27864
27865
27870
27871
27875
27876
27891
27905
27906
27927
27930
27931
27948
27952
27959
27978
28002
28008
28010
28024
28029
28029
28039
28042
28073
28075
28079
28087
28094
28100
28102
28111
28111
28117
28130
28148
28153
28160
28162
28171
28177
28184
28207
28210
28214
28228
28232
28238
28238
28239
28244
28247
28247
28249
28257
28268
28269
28300
28306
28322
28325
28325
28333
28334
28337
28345
28347
28358
28362
28365
28373
28375
28399
28409
28410
28413
28441
28442
28447
28456
28477
28481
28501
28518
28518
28520
28525
28541
28554
28558
28559
28566
28571
28582
28601
28605
28611
28616
28634
28648
28649
28654
28661
28670
28674
28683
28702
28705
28725
28725
28733
28738
28740
28752
28754
28759
28767
28795
28796
28806
28821
28878
28889
28898
28900
28901
28904
28941
28965
28967
28970
28989
28997
29003
29008
29012
29014
29022
29027
29032
29042
29047
29052
29053
29056
29064
29069
29076
29081
29082
29096
29101
29120
29121
29123
29130
29131
29144
29145
29156
29160
29161
29162
29172
29193
29194
29197
29201
29212
29216
29226
29233
29238
29244
29247
29261
29261
29262
29263
29267
29271
29279
29293
29295
29296
29299
29300
29318
29320
29322
29324
29336
29350
29354
29363
29369
29382
29388
29395
29407
29409
29412
29420
29423
29431
29431
29451
29464
29470
29478
29479
29482
29494
29518
29522
29529
29531
29534
29540
29543
29547
29578
29596
29597
29598
29614
29616
29632
29638
29640
29654
29658
29666
29666
29667
29669
29672
29676
29687
29690
29692
29701
29720
29731
29757
29761
29780
29789
29822
29829
29830
29833
29836
29838
29840
29859
29869
29924
29931
29953
29955
29962
29977
29980
29999
30001
30015
30021
30030
30034
30035
30037
30039
30047
30055
30057
30058
30071
30072
30079
30080
30099
30111
30165
30178
30178
30182
30185
30187
30191
30193
30222
30236
30238
30243
30243
30254
30255
30259
30265
30272
30274
30281
30283
30290
30294
30295
30296
30300
30324
30324
30332
30335
30352
30354
30358
30361
30369
30369
30379
30394
30404
30422
30463
30477
30488
30495
30498
30540
30569
30573
30577
30582
30585
30590
30594
30596
30603
30607
30609
30611
30614
30615
30616
30637
30645
30652
30653
30681
30684
30701
30708
30722
30723
30724
30724
30746
30753
30759
30766
30774
30774
30777
30804
30810
30812
30814
30824
30827
30834
30835
30840
30852
30859
30869
30870
30871
30880
30900
30911
30911
30911
30918
30923
30930
30932
30954
30971
30992
31007
31017
31020
31024
31037
31050
31060
31073
31077
31087
31090
31097
31122
31136
31146
31152
31171
31172
31194
31195
31208
31210
31218
31218
31223
31225
31243
31243
31252
31255
31267
31275
31277
31292
31306
31308
31318
31319
31327
31327
31344
31350
31352
31358
31368
31374
31405
31406
31406
31416
31438
31464
31470
31471
31483
31497
31506
31513
31515
31527
31529
31532
31532
31535
31540
31548
31555
31592
31601
31625
31628
31641
31645
31657
31674
31724
31724
31727
31732
31734
31736
31754
31756
31773
31788
31790
31801
31810
31821
31842
31856
31862
31889
31895
31955
31964
31973
31985
31997
31998
32004
32021
32022
32030
32032
32036
32042
32043
32045
32045
32058
32093
32103
32108
32123
32141
32156
32157
32213
32228
32237
32238
32250
32255
32260
32271
32278
32281
32291
32309
32311
32324
32325
32325
32328
32334
32344
32347
32356
32361
32368
32371
32379
32384
32389
32396
32405
32406
32416
32432
32434
32438
32440
32444
32459
32461
32498
32498
32506
32510
32522
32526
32546
32548
32556
32563
32573
32591
32597
32605
32621
32645
32645
32668
32669
32672
32684
32690
32697
32721
32729
32744
32746
32748
32767
