1
7
8
8
8
13
22
28
58
69
77
104
119
125
126
127
150
153
159
177
184
196
197
204
215
230
233
233
233
245
255
258
260
260
275
314
321
322
323
336
337
338
346
348
352
352
362
364
365
366
371
382
385
390
404
418
437
438
439
443
455
456
477
485
488
499
500
505
531
532
540
546
547
558
571
575
580
587
595
601
606
616
616
620
628
634
658
663
670
683
699
705
719
726
730
735
744
745
748
760
765
778
801
808
830
833
844
844
846
859
859
861
880
902
905
919
928
931
938
940
956
957
969
970
974
980
998
1004
1013
1022
1024
1034
1035
1041
1055
1056
1068
1072
1080
1095
1103
1117
1122
1125
1163
1164
1167
1184
1223
1225
1229
1244
1248
1249
1251
1255
1255
1270
1283
1290
1290
1293
1301
1306
1311
1312
1318
1322
1338
1339
1343
1346
1350
1355
1370
1370
1373
1376
1377
1386
1411
1413
1421
1425
1428
1484
1502
1514
1518
1519
1533
1553
1566
1569
1570
1586
1592
1592
1618
1641
1646
1664
1699
1703
1708
1715
1720
1720
1736
1747
1750
1751
1758
1759
1771
1773
1786
1787
1787
1788
1791
1803
1803
1804
1806
1811
1817
1819
1829
1831
1845
1848
1853
1857
1860
1861
1868
1873
1874
1890
1893
1895
1906
1907
1908
1926
1929
1938
1944
1955
1972
1995
1997
1999
2047
2065
2090
2090
2100
2101
2133
2138
2138
2146
2149
2153
2171
2177
2180
2188
2188
2199
2202
2203
2230
2251
2256
2258
2265
2282
2285
2288
2289
2299
2309
2310
2323
2324
2329
2331
2346
2353
2370
2391
2402
2407
2411
2414
2423
2435
2436
2447
2447
2447
2450
2451
2481
2482
2488
2514
2516
2520
2520
2525
2528
2535
2538
2560
2577
2582
2592
2601
2603
2606
2611
2623
2628
2634
2640
2646
2646
2665
2669
2677
2687
2690
2703
2704
2731
2733
2757
2760
2780
2790
2807
2820
2828
2835
2839
2840
2851
2852
2858
2865
2894
2897
2900
2903
2942
2944
2950
2958
2978
2983
2986
2989
3006
3007
3009
3021
3023
3023
3052
3056
3079
3088
3096
3098
3106
3119
3122
3129
3136
3140
3143
3157
3173
3175
3191
3197
3202
3203
3207
3208
3209
3212
3214
3218
3223
3228
3231
3236
3249
3250
3260
3268
3281
3281
3281
3285
3286
3286
3286
3292
3302
3304
3315
3316
3316
3330
3340
3340
3346
3353
3354
3358
3360
3364
3376
3384
3390
3433
3438
3439
3450
3455
3460
3471
3479
3479
3482
3483
3489
3510
3511
3519
3528
3537
3549
3551
3551
3555
3557
3564
3565
3573
3633
3637
3641
3641
3653
3656
3663
3670
3672
3672
3678
3686
3687
3691
3697
3713
3737
3749
3758
3758
3774
3776
3776
3791
3802
3815
3816
3836
3837
3844
3844
3847
3852
3876
3879
3882
3889
3900
3907
3909
3924
3926
3930
3931
3970
3970
3971
3972
3975
3984
3994
3998
4003
4003
4005
4010
4023
4040
4052
4054
4065
4065
4067
4068
4078
4078
4082
4083
4091
4092
4123
4128
4135
4135
4139
4139
4142
4143
4146
4152
4154
4161
4185
4191
4195
4207
4210
4226
4233
4290
4299
4302
4323
4328
4335
4336
4339
4351
4367
4367
4380
4381
4386
4402
4408
4424
4442
4461
4462
4463
4463
4465
4483
4500
4546
4558
4560
4586
4605
4612
4615
4627
4632
4633
4635
4635
4640
4641
4644
4648
4648
4648
4650
4651
4660
4663
4664
4670
4673
4693
4702
4706
4732
4732
4748
4749
4753
4760
4761
4778
4780
4782
4785
4801
4804
4809
4815
4817
4821
4827
4828
4845
4848
4848
4852
4856
4861
4870
4889
4890
4891
4908
4910
4922
4925
4926
4927
4936
4941
4951
4957
4962
4967
4976
4982
4985
4995
4998
5005
5007
5017
5018
5018
5023
5029
5032
5036
5036
5062
5066
5070
5077
5084
5090
5090
5104
5107
5121
5122
5125
5127
5133
5138
5139
5144
5156
5157
5163
5167
5172
5184
5216
5218
5237
5248
5256
5260
5261
5265
5267
5274
5287
5295
5307
5331
5342
5367
5372
5379
5389
5390
5391
5399
5424
5429
5448
5458
5468
5476
5486
5488
5489
5494
5504
5510
5536
5542
5549
5556
5558
5568
5577
5577
5578
5583
5593
5606
5622
5630
5649
5650
5675
5677
5690
5705
5717
5718
5729
5729
5734
5747
5751
5751
5754
5764
5765
5768
5778
5778
5792
5792
5797
5801
5802
5803
5810
5810
5831
5837
5842
5852
5855
5875
5881
5892
5893
5914
5915
5915
5920
5927
5929
5941
5945
5950
5999
6006
6008
6016
6020
6028
6033
6037
6045
6053
6056
6061
6069
6081
6086
6087
6094
6096
6099
6104
6107
6114
6123
6123
6125
6128
6128
6143
6157
6176
6179
6183
6184
6186
6186
6201
6211
6240
6241
6252
6252
6255
6258
6266
6277
6292
6300
6307
6316
6316
6321
6327
6336
6365
6368
6369
6393
6398
6426
6435
6440
6444
6452
6453
6456
6463
6475
6499
6504
6508
6510
6513
6532
6534
6539
6557
6565
6566
6572
6585
6594
6607
6613
6617
6631
6635
6646
6652
6655
6661
6661
6666
6687
6697
6706
6715
6719
6731
6757
6760
6761
6768
6771
6775
6775
6779
6802
6806
6816
6819
6820
6825
6833
6835
6854
6862
6884
6889
6893
6894
6896
6911
6922
6926
6948
6959
6959
6961
6978
6982
6991
6997
7002
7014
7014
7014
7042
7049
7069
7069
7073
7080
7086
7088
7089
7099
7100
7142
7146
7155
7160
7163
7187
7190
7192
7198
7201
7212
7214
7219
7230
7233
7235
7236
7244
7264
7268
7279
7284
7287
7295
7296
7299
7322
7323
7326
7331
7333
7337
7346
7353
7355
7359
7361
7384
7386
7396
7397
7400
7402
7420
7421
7425
7425
7427
7428
7468
7481
7496
7520
7523
7526
7531
7554
7556
7560
7568
7569
7574
7582
7590
7591
7600
7610
7631
7637
7640
7645
7652
7661
7678
7683
7684
7693
7699
7699
7702
7718
7723
7731
7739
7746
7752
7757
7779
7790
7792
7807
7827
7835
7837
7849
7855
7864
7866
7872
7874
7876
7894
7898
7921
7926
7928
7939
7943
7968
7970
7971
7975
8010
8021
8054
8064
8070
8076
8077
8099
8103
8120
8130
8162
8166
8167
8181
8207
8209
8210
8218
8223
8224
8242
8253
8263
8283
8286
8287
8289
8295
8295
8295
8305
8311
8318
8341
8349
8368
8374
8382
8387
8392
8400
8408
8410
8425
8428
8452
8478
8479
8480
8499
8520
8523
8529
8530
8545
8586
8600
8609
8612
8627
8630
8633
8637
8641
8654
8657
8663
8664
8668
8675
8691
8706
8708
8713
8724
8743
8745
8754
8757
8770
8772
8781
8782
8787
8788
8796
8807
8811
8815
8828
8829
8834
8835
8845
8847
8857
8871
8874
8875
8886
8898
8906
8919
8932
8934
8955
8962
8962
8963
8976
8993
9001
9027
9085
9106
9124
9137
9139
9153
9154
9155
9158
9169
9181
9190
9193
9203
9217
9220
9230
9234
9236
9245
9245
9250
9267
9280
9293
9313
9314
9314
9316
9341
9342
9344
9347
9348
9351
9360
9361
9375
9377
9388
9391
9394
9398
9400
9432
9448
9451
9464
9474
9492
9493
9517
9522
9525
9528
9534
9536
9536
9573
9574
9577
9596
9611
9612
9618
9620
9642
9647
9649
9650
9656
9660
9670
9679
9681
9687
9713
9727
9751
9759
9761
9773
9780
9787
9812
9819
9826
9830
9832
9843
9846
9855
9857
9873
9877
9890
9902
9922
9932
9933
9937
9939
9960
9961
9975
9975
9976
9976
9982
9984
9993
10003
10004
10012
10013
10013
10022
10025
10026
10027
10029
10030
10035
10062
10069
10071
10072
10073
10074
10076
10077
10088
10106
10110
10116
10129
10160
10161
10176
10183
10185
10189
10198
10200
10205
10206
10207
10208
10220
10241
10269
10278
10285
10304
10313
10350
10352
10359
10368
10371
10389
10391
10397
10421
10443
10449
10455
10461
10473
10486
10503
10521
10543
10546
10557
10564
10587
10588
10594
10599
10606
10612
10638
10638
10644
10644
10645
10648
10694
10714
10739
10752
10755
10757
10765
10774
10789
10794
10800
10810
10818
10824
10826
10828
10830
10848
10853
10863
10895
10900
10906
10914
10922
10926
10930
10933
10939
10946
10962
10969
10982
10984
10984
11009
11009
11022
11025
11033
11038
11045
11045
11053
11076
11086
11089
11096
11100
11102
11136
11163
11168
11177
11185
11195
11205
11211
11226
11226
11234
11239
11241
11243
11255
11260
11267
11270
11278
11286
11311
11316
11322
11325
11348
11352
11364
11372
11390
11400
11409
11424
11426
11433
11438
11453
11460
11487
11489
11493
11520
11534
11537
11547
11549
11551
11559
11563
11574
11592
11593
11600
11606
11608
11617
11625
11667
11667
11670
11699
11705
11711
11716
11723
11735
11740
11755
11756
11774
11789
11795
11802
11818
11825
11829
11836
11846
11846
11846
11854
11854
11859
11865
11874
11877
11879
11891
11927
11934
11938
11945
11956
11958
11974
11978
11993
12001
12001
12003
12038
12042
12049
12051
12057
12059
12061
12079
12087
12092
12093
12103
12113
12117
12117
12133
12141
12143
12148
12157
12196
12198
12215
12218
12228
12237
12240
12243
12250
12252
12253
12255
12281
12291
12301
12302
12304
12306
12327
12337
12339
12350
12353
12371
12372
12381
12400
12405
12411
12412
12415
12439
12440
12446
12488
12545
12546
12546
12559
12568
12580
12584
12589
12601
12605
12613
12662
12666
12672
12688
12689
12689
12695
12699
12710
12712
12714
12718
12727
12733
12734
12741
12773
12774
12780
12782
12785
12785
12799
12799
12811
12816
12824
12825
12842
12847
12864
12882
12884
12890
12893
12905
12907
12942
12959
12970
12970
13009
13042
13057
13082
13098
13099
13100
13120
13123
13123
13126
13127
13142
13143
13147
13176
13190
13194
13203
13207
13218
13223
13231
13250
13259
13262
13272
13276
13288
13293
13334
13352
13362
13388
13391
13394
13407
13408
13425
13425
13461
13469
13481
13487
13489
13501
13503
13507
13508
13524
13547
13560
13561
13565
13568
13574
13578
13580
13586
13594
13595
13596
13605
13607
13615
13619
13619
13623
13665
13679
13693
13694
13703
13707
13709
13722
13724
13748
13752
13752
13759
13763
13767
13769
13772
13775
13778
13778
13781
13786
13787
13817
13820
13838
13840
13852
13853
13857
13876
13878
13890
13897
13925
13929
13932
13943
13959
13961
13967
13974
13993
13994
13996
14024
14024
14040
14050
14055
14057
14061
14062
14082
14085
14096
14106
14109
14116
14123
14137
14154
14158
14159
14174
14177
14200
14203
14210
14215
14219
14222
14231
14260
14268
14271
14275
14276
14289
14296
14300
14309
14319
14327
14338
14344
14370
14382
14399
14408
14414
14417
14417
14420
14450
14454
14454
14457
14459
14465
14467
14474
14477
14480
14502
14516
14521
14531
14532
14546
14550
14570
14573
14585
14634
14639
14645
14646
14652
14665
14673
14677
14685
14688
14689
14696
14698
14707
14708
14711
14713
14719
14724
14728
14729
14740
14770
14784
14785
14818
14829
14851
14854
14854
14859
14874
14877
14879
14880
14880
14890
14890
14891
14898
14907
14917
14918
14923
14927
14930
14931
14941
14957
14961
14962
14963
14964
14970
14977
14985
14997
15004
15008
15011
15018
15020
15023
15027
15030
15037
15057
15061
15063
15066
15066
15075
15075
15079
15082
15089
15105
15105
15108
15109
15115
15117
15121
15129
15142
15152
15174
15176
15181
15189
15193
15205
15205
15205
15207
15207
15218
15228
15250
15253
15259
15259
15262
15263
15268
15279
15281
15288
15288
15292
15293
15301
15304
15318
15318
15325
15327
15342
15344
15357
15358
15362
15362
15364
15367
15380
15396
15397
15400
15412
15428
15436
15439
15456
15467
15471
15475
15480
15503
15507
15521
15522
15533
15541
15545
15557
15561
15562
15563
15569
15569
15572
15582
15584
15586
15587
15613
15619
15624
15639
15653
15656
15660
15681
15702
15709
15716
15717
15721
15726
15738
15741
15753
15756
15793
15800
15803
15835
15836
15843
15844
15847
15848
15849
15856
15863
15871
15875
15876
15912
15923
15928
15931
15974
15981
15993
15995
15999
16001
16017
16027
16037
16042
16050
16063
16067
16076
16077
16082
16091
16096
16096
16120
16122
16133
16143
16144
16147
16164
16184
16191
16209
16224
16227
16238
16242
16245
16254
16267
16268
16272
16274
16275
16278
16284
16286
16292
16296
16315
16320
16326
16369
16377
16385
16394
16398
16406
16410
16430
16433
16442
16444
16444
16448
16460
16464
16468
16472
16476
16477
16483
16498
16499
16503
16511
16512
16516
16524
16562
16568
16569
16575
16578
16584
16586
16591
16593
16594
16601
16613
16614
16623
16627
16633
16648
16653
16653
16658
16678
16689
16706
16712
16720
16726
16736
16737
16753
16759
16773
16781
16797
16806
16807
16813
16818
16820
16824
16844
16863
16866
16876
16891
16894
16896
16906
16908
16929
16946
16953
16958
16961
16969
16978
16979
16985
16989
16991
16992
17000
17005
17015
17023
17024
17040
17050
17051
17058
17083
17086
17091
17097
17121
17132
17144
17172
17188
17194
17211
17213
17219
17232
17243
17255
17256
17259
17294
17300
17320
17337
17347
17361
17367
17367
17371
17375
17394
17397
17401
17406
17411
17414
17425
17428
17439
17445
17447
17455
17462
17477
17480
17481
17489
17510
17515
17515
17527
17537
17560
17573
17574
17577
17579
17594
17616
17637
17641
17642
17644
17661
17664
17665
17682
17682
17682
17683
17684
17695
17719
17720
17726
17733
17733
17740
17760
17779
17786
17793
17804
17833
17844
17847
17849
17868
17877
17883
17887
17890
17897
17908
17910
17915
17935
17963
17964
17975
17992
17992
18012
18012
18022
18031
18033
18044
18059
18068
18069
18070
18070
18071
18075
18092
18097
18102
18130
18139
18141
18143
18151
18160
18175
18185
18212
18227
18231
18236
18241
18244
18249
18263
18283
18311
18318
18327
18332
18353
18359
18377
18381
18387
18401
18402
18406
18421
18422
18423
18425
18442
18466
18471
18475
18475
18482
18509
18512
18524
18533
18538
18539
18545
18547
18552
18581
18594
18597
18601
18604
18605
18607
18613
18648
18649
18655
18660
18670
18685
18685
18693
18696
18704
18711
18711
18722
18738
18739
18750
18760
18763
18770
18773
18791
18793
18797
18804
18833
18846
18856
18863
18889
18908
18909
18911
18941
18953
18960
18964
18966
18979
18987
18992
18993
18995
19000
19026
19035
19041
19049
19056
19060
19066
19077
19086
19107
19121
19126
19132
19134
19137
19138
19147
19166
19170
19182
19184
19193
19197
19214
19246
19258
19290
19316
19316
19320
19328
19331
19340
19354
19354
19365
19366
19367
19384
19389
19389
19390
19400
19402
19405
19415
19416
19425
19432
19446
19448
19454
19457
19473
19493
19494
19498
19511
19512
19524
19532
19540
19557
19562
19582
19586
19593
19623
19626
19634
19640
19640
19643
19644
19656
19660
19676
19678
19679
19682
19695
19702
19706
19706
19707
19719
19721
19724
19729
19736
19740
19741
19749
19762
19766
19784
19785
19791
19809
19823
19823
19828
19829
19832
19834
19842
19845
19859
19875
19879
19886
19890
19898
19899
19909
19918
19920
19920
19932
19932
19932
19946
19958
19976
19998
20005
20017
20021
20022
20028
20029
20041
20047
20050
20054
20060
20072
20072
20077
20104
20108
20115
20122
20129
20162
20180
20202
20206
20213
20226
20235
20237
20240
20243
20250
20256
20259
20260
20264
20297
20305
20316
20321
20338
20338
20345
20348
20348
20350
20364
20367
20371
20372
20372
20401
20410
20411
20426
20428
20445
20447
20448
20463
20476
20489
20523
20533
20536
20542
20566
20570
20575
20582
20592
20595
20598
20610
20613
20629
20636
20645
20647
20652
20662
20687
20695
20708
20722
20737
20742
20749
20760
20780
20789
20792
20795
20798
20807
20819
20834
20835
20843
20846
20847
20853
20854
20867
20868
20869
20882
20886
20890
20906
20944
20959
20963
20964
20969
20984
20986
20992
21009
21026
21032
21034
21035
21036
21056
21065
21069
21069
21078
21078
21103
21131
21134
21142
21148
21162
21192
21208
21213
21226
21251
21253
21277
21280
21286
21294
21297
21300
21307
21314
21319
21326
21347
21352
21354
21361
21372
21372
21376
21380
21417
21419
21435
21448
21450
21460
21461
21462
21477
21485
21499
21513
21525
21541
21553
21592
21600
21603
21611
21615
21616
21622
21623
21640
21641
21645
21657
21663
21670
21676
21687
21694
21698
21702
21706
21723
21729
21732
21739
21741
21743
21746
21751
21755
21757
21759
21761
21766
21767
21773
21775
21778
21790
21797
21802
21833
21835
21857
21859
21873
21890
21892
21893
21898
21928
21929
21932
21936
21937
21955
21965
21974
21975
21993
22005
22017
22035
22041
22047
22051
22096
22111
22124
22127
22127
22128
22133
22145
22146
22146
22148
22148
22148
22156
22170
22174
22180
22191
22191
22196
22201
22209
22231
22253
22254
22278
22284
22311
22327
22332
22342
22346
22353
22359
22368
22369
22371
22382
22383
22402
22412
22417
22426
22448
22460
22462
22468
22484
22489
22492
22501
22501
22504
22508
22509
22520
22521
22524
22525
22525
22528
22529
22538
22538
22542
22545
22547
22557
22560
22564
22574
22577
22580
22580
22589
22598
22599
22632
22638
22643
22658
22666
22667
22677
22681
22705
22724
22733
22752
22755
22762
22764
22769
22773
22774
22777
22803
22806
22811
22819
22824
22830
22836
22852
22854
22859
22864
22876
22877
22878
22879
22881
22901
22924
22926
22942
22943
22945
22964
22966
22975
22979
22979
22985
22991
23007
23009
23013
23022
23029
23042
23043
23047
23056
23057
23058
23058
23070
23080
23086
23098
23099
23106
23109
23119
23121
23122
23137
23142
23144
23145
23151
23169
23170
23175
23177
23203
23210
23214
23219
23224
23234
23248
23256
23258
23263
23286
23298
23300
23309
23315
23322
23331
23333
23334
23346
23349
23350
23357
23361
23367
23371
23375
23407
23408
23408
23424
23441
23455
23486
23496
23506
23507
23538
23540
23542
23552
23573
23577
23592
23593
23603
23620
23626
23634
23644
23645
23652
23700
23706
23707
23712
23712
23732
23758
23771
23776
23778
23782
23792
23797
23799
23801
23820
23823
23835
23846
23856
23862
23871
23877
23884
23896
23898
23921
23925
23930
23932
23933
23951
23961
23974
23977
23980
23994
23997
23998
24003
24011
24012
24026
24040
24048
24054
24057
24070
24076
24076
24094
24095
24101
24106
24107
24120
24120
24122
24128
24133
24133
24138
24150
24178
24212
24219
24221
24229
24260
24263
24267
24276
24287
24291
24305
24309
24323
24325
24347
24352
24363
24367
24368
24370
24371
24379
24385
24391
24407
24412
24412
24442
24443
24459
24471
24480
24480
24482
24483
24484
24486
24487
24504
24513
24517
24531
24532
24540
24553
24557
24561
24587
24590
24595
24598
24608
24626
24630
24631
24632
24647
24661
24667
24680
24687
24700
24727
24744
24763
24771
24785
24785
24786
24789
24791
24794
24798
24825
24836
24851
24856
24857
24867
24877
24896
24905
24911
24917
24918
24929
24934
24934
24947
24958
24958
24960
24963
24968
24972
24991
25008
25018
25023
25023
25043
25066
25081
25081
25082
25110
25117
25131
25147
25174
25182
25189
25214
25218
25220
25221
25284
25299
25300
25304
25314
25321
25343
25345
25366
25366
25368
25369
25373
25378
25392
25400
25402
25402
25434
25441
25465
25466
25471
25474
25474
25479
25480
25490
25492
25510
25510
25510
25514
25522
25537
25542
25545
25565
25572
25575
25577
25582
25588
25595
25620
25637
25639
25650
25656
25666
25672
25676
25686
25690
25694
25697
25702
25721
25726
25743
25744
25749
25750
25761
25771
25791
25792
25793
25800
25800
25806
25807
25815
25836
25848
25859
25859
25874
25886
25898
25903
25916
25921
25927
25941
25951
25952
25957
25974
25994
26009
26010
26021
26029
26035
26036
26038
26039
26040
26041
26055
26062
26071
26075
26091
26093
26102
26106
26108
26110
26112
26113
26130
26139
26154
26165
26178
26193
26221
26230
26239
26242
26242
26255
26256
26273
26284
26288
26319
26322
26325
26332
26341
26343
26345
26345
26363
26365
26371
26383
26391
26410
26413
26428
26429
26434
26434
26438
26482
26487
26489
26491
26500
26506
26510
26523
26529
26533
26546
26549
26552
26614
26618
26634
26638
26646
26647
26652
26666
26670
26672
26676
26695
26709
26720
26733
26736
26737
26767
26787
26790
26792
26800
26804
26809
26821
26822
26829
26834
26849
26872
26877
26886
26893
26898
26899
26899
26902
26905
26916
26919
26949
26967
26970
26978
26984
26993
26997
26998
27014
27015
27017
27027
27039
27045
27048
27068
27079
27081
27082
27087
27087
27093
27102
27108
27125
27131
27142
27164
27166
27171
27183
27193
27194
27200
27229
27229
27232
27234
27235
27237
27255
27272
27286
27287
27289
27301
27303
27310
27320
27331
27333
27362
27364
27364
27365
27378
27380
27381
27398
27405
27406
27411
27414
27424
27440
27441
27443
27452
27454
27455
27483
27497
27502
27503
27510
27511
27513
27524
27539
27550
27564
27570
27572
27574
27587
27590
27599
27608
27610
27621
27638
27639
27647
27649
27649
27651
27659
27663
27669
27671
27683
27686
27692
27694
27709
27710
27716
27726
27742
27742
27746
27748
27749
27760
27764
27765
27771
27789
27803
27807
27818
27821
27829
27836
27842
27852
27860
27868
27876
27880
27881
27896
27909
27912
27936
27941
27941
27947
27950
27950
27964
27977
27986
27988
27995
28001
28013
28019
28033
28046
28056
28066
28067
28070
28073
28073
28075
28082
28085
28086
28092
28094
28108
28115
28117
28134
28142
28176
28192
28212
28224
28225
28261
28279
28282
28289
28290
28297
28299
28306
28313
28330
28334
28342
28346
28387
28400
28411
28418
28430
28437
28454
28459
28471
28476
28488
28490
28492
28502
28513
28518
28519
28521
28521
28529
28531
28535
28536
28551
28557
28558
28562
28568
28578
28587
28601
28613
28616
28642
28662
28662
28680
28681
28689
28695
28707
28710
28735
28737
28741
28748
28748
28753
28758
28760
28768
28785
28799
28802
28810
28820
28826
28827
28837
28850
28850
28860
28874
28879
28881
28886
28901
28907
28907
28910
28911
28911
28912
28915
28927
28942
28943
28954
28970
28972
28974
28994
28996
29005
29011
29012
29013
29020
29025
29049
29051
29064
29065
29072
29083
29094
29098
29101
29102
29106
29111
29114
29129
29143
29151
29168
29169
29171
29181
29183
29184
29189
29194
29194
29218
29230
29243
29256
29256
29278
29284
29290
29298
29303
29316
29331
29335
29337
29339
29348
29351
29364
29390
29398
29404
29408
29409
29446
29462
29466
29468
29473
29476
29478
29485
29494
29499
29508
29511
29514
29521
29525
29528
29549
29551
29566
29573
29581
29588
29590
29606
29614
29617
29618
29619
29619
29648
29655
29661
29674
29675
29686
29713
29720
29730
29732
29740
29742
29773
29776
29788
29792
29793
29795
29800
29808
29814
29817
29823
29824
29825
29833
29833
29841
29843
29844
29848
29858
29860
29898
29910
29916
29941
29949
29965
29966
29983
29989
29999
30001
30002
30005
30008
30009
30018
30034
30034
30035
30045
30056
30060
30062
30077
30099
30100
30105
30106
30107
30116
30117
30127
30149
30175
30176
30176
30183
30203
30213
30223
30240
30266
30267
30273
30284
30285
30289
30303
30307
30307
30307
30349
30353
30359
30379
30387
30391
30406
30407
30432
30442
30455
30459
30460
30463
30466
30489
30495
30498
30502
30503
30533
30542
30544
30553
30555
30561
30569
30575
30581
30583
30590
30602
30603
30634
30639
30639
30641
30650
30666
30671
30675
30681
30683
30712
30718
30732
30740
30759
30774
30775
30786
30788
30796
30805
30810
30813
30814
30821
30825
30858
30863
30868
30870
30871
30879
30882
30884
30897
30902
30916
30919
30952
30952
30955
30968
30977
30982
30997
30998
31009
31013
31018
31027
31052
31062
31067
31075
31092
31092
31117
31141
31152
31153
31161
31162
31168
31178
31181
31192
31194
31195
31207
31207
31224
31232
31232
31245
31249
31249
31265
31290
31300
31305
31305
31307
31331
31349
31378
31383
31389
31389
31394
31401
31413
31434
31446
31451
31457
31461
31475
31477
31484
31491
31492
31503
31509
31510
31518
31520
31542
31547
31560
31562
31568
31572
31577
31586
31608
31610
31610
31624
31624
31673
31676
31679
31691
31694
31701
31702
31707
31709
31731
31736
31739
31740
31743
31746
31747
31758
31777
31779
31793
31801
31816
31818
31820
31855
31864
31868
31870
31895
31921
31926
31930
31935
31936
31936
31945
31959
31964
31965
31976
31977
31977
31991
31996
32011
32027
32037
32059
32062
32069
32080
32087
32090
32095
32110
32123
32123
32131
32135
32159
32161
32175
32185
32191
32193
32208
32231
32233
32241
32241
32245
32259
32267
32269
32272
32290
32290
32292
32307
32313
32319
32334
32340
32346
32356
32357
32363
32366
32367
32367
32381
32390
32421
32430
32432
32433
32434
32445
32459
32460
32462
32463
32465
32468
32471
32477
32477
32496
32502
32508
32518
32529
32531
32543
32546
32548
32548
32548
32555
32564
32576
32580
32590
32590
32600
32618
32639
32643
32646
32660
32667
32669
32673
32675
32682
32689
32723
32735
32740
