3
9
15
15
45
47
60
70
80
87
93
112
131
144
150
151
161
162
168
175
204
211
215
216
216
221
227
243
262
277
287
292
299
305
321
325
330
332
334
340
362
370
371
380
383
384
394
400
403
404
430
442
448
453
457
464
481
488
488
494
498
520
528
539
561
576
576
577
580
595
599
607
607
625
639
650
651
659
659
662
676
679
682
682
685
703
714
717
749
791
798
799
799
809
821
838
839
842
846
849
854
863
865
869
875
888
898
903
914
921
923
934
958
961
963
971
976
996
1017
1018
1030
1033
1038
1064
1073
1089
1096
1097
1099
1114
1140
1148
1149
1169
1173
1175
1176
1206
1210
1216
1223
1282
1302
1304
1321
1329
1333
1333
1342
1348
1349
1353
1353
1373
1375
1387
1397
1397
1399
1402
1404
1411
1414
1415
1415
1417
1423
1433
1445
1463
1468
1482
1482
1490
1521
1521
1555
1555
1556
1561
1577
1588
1592
1600
1623
1625
1632
1635
1658
1670
1672
1676
1689
1717
1718
1723
1743
1763
1765
1769
1773
1794
1803
1808
1809
1812
1819
1854
1856
1865
1876
1889
1892
1899
1910
1916
1928
1930
1939
1947
1960
1965
1972
1975
1976
1991
1994
2000
2016
2031
2047
2048
2053
2059
2062
2074
2084
2085
2104
2113
2121
2125
2141
2151
2164
2174
2175
2177
2178
2179
2181
2183
2203
2214
2215
2216
2229
2229
2251
2260
2260
2273
2280
2284
2295
2311
2311
2316
2324
2330
2336
2340
2341
2355
2357
2361
2364
2371
2381
2382
2386
2391
2392
2399
2403
2408
2408
2408
2409
2421
2424
2424
2430
2431
2432
2433
2437
2437
2453
2454
2455
2485
2503
2508
2510
2511
2519
2521
2534
2538
2542
2553
2558
2566
2567
2578
2590
2618
2624
2635
2638
2638
2641
2647
2651
2657
2663
2670
2672
2677
2677
2685
2694
2708
2713
2719
2723
2727
2728
2735
2753
2754
2754
2759
2762
2769
2778
2803
2803
2826
2832
2833
2847
2870
2874
2899
2910
2915
2919
2929
2936
2943
2947
2952
2956
2959
2963
2965
2983
2984
3008
3011
3021
3032
3033
3058
3062
3068
3069
3074
3074
3087
3102
3114
3129
3130
3131
3133
3138
3156
3160
3163
3164
3182
3182
3202
3202
3203
3211
3223
3225
3228
3240
3240
3241
3245
3270
3274
3283
3301
3309
3316
3326
3329
3333
3340
3355
3357
3389
3390
3392
3400
3410
3411
3445
3456
3458
3475
3476
3480
3507
3527
3542
3552
3572
3593
3597
3600
3603
3621
3631
3632
3658
3661
3665
3666
3678
3680
3680
3689
3696
3715
3719
3733
3736
3747
3771
3775
3776
3780
3783
3797
3804
3808
3811
3820
3828
3834
3836
3838
3844
3856
3860
3884
3886
3887
3894
3900
3919
3933
3935
3937
3939
3941
3941
3944
3961
3973
3980
3982
3984
3995
4003
4031
4043
4044
4048
4049
4051
4052
4055
4059
4060
4064
4067
4071
4084
4087
4089
4093
4101
4102
4113
4138
4143
4145
4145
4165
4168
4181
4184
4192
4195
4205
4207
4207
4212
4215
4215
4218
4219
4224
4230
4278
4308
4313
4319
4324
4334
4337
4344
4346
4347
4354
4368
4369
4375
4382
4393
4407
4408
4416
4426
4427
4432
4438
4442
4443
4451
4463
4465
4474
4489
4491
4506
4507
4514
4519
4519
4558
4565
4593
4597
4615
4624
4629
4632
4636
4639
4642
4661
4663
4697
4718
4731
4742
4751
4763
4779
4784
4794
4805
4807
4808
4808
4831
4838
4847
4848
4875
4878
4879
4891
4891
4893
4935
4945
4962
4982
4986
5005
5007
5026
5037
5056
5088
5092
5094
5104
5128
5130
5133
5165
5169
5170
5189
5192
5193
5195
5230
5242
5262
5267
5277
5287
5299
5301
5317
5319
5322
5339
5339
5344
5354
5361
5369
5384
5392
5417
5436
5455
5464
5464
5470
5481
5485
5486
5487
5498
5501
5544
5554
5559
5559
5562
5574
5587
5611
5613
5615
5621
5628
5633
5634
5644
5645
5649
5661
5670
5685
5690
5691
5692
5699
5719
5719
5728
5734
5747
5751
5771
5782
5782
5791
5795
5795
5822
5833
5836
5844
5857
5858
5881
5883
5885
5900
5901
5901
5902
5904
5905
5944
5959
5968
5976
5977
5979
5985
5994
6004
6012
6039
6041
6049
6075
6086
6089
6089
6091
6096
6102
6124
6131
6154
6177
6183
6190
6190
6194
6212
6218
6221
6250
6257
6263
6263
6287
6290
6293
6303
6319
6324
6336
6350
6377
6383
6433
6453
6455
6465
6467
6479
6490
6491
6495
6500
6508
6511
6515
6522
6530
6531
6532
6533
6534
6543
6551
6552
6568
6596
6600
6628
6635
6638
6644
6655
6672
6678
6693
6700
6703
6711
6715
6725
6728
6729
6732
6742
6742
6744
6769
6779
6781
6800
6800
6803
6840
6840
6854
6857
6858
6859
6881
6890
6900
6906
6931
6945
6952
6959
6976
6984
6987
6993
7004
7004
7004
7007
7015
7021
7028
7032
7040
7052
7052
7054
7056
7061
7083
7093
7099
7106
7108
7115
7117
7124
7133
7134
7136
7163
7173
7180
7180
7181
7185
7188
7189
7190
7196
7230
7230
7247
7254
7256
7267
7270
7271
7271
7273
7276
7279
7280
7281
7286
7299
7300
7305
7305
7317
7321
7321
7322
7327
7328
7330
7356
7378
7380
7397
7399
7417
7419
7422
7430
7437
7457
7474
7475
7497
7500
7506
7520
7521
7525
7528
7537
7543
7550
7557
7561
7561
7573
7582
7582
7583
7614
7622
7626
7636
7639
7644
7654
7654
7662
7674
7682
7699
7704
7714
7723
7723
7732
7741
7741
7741
7749
7750
7759
7759
7759
7771
7776
7780
7781
7797
7811
7819
7825
7837
7859
7859
7873
7876
7884
7890
7898
7906
7917
7935
7937
7948
7958
7961
7969
7970
7973
7987
7988
8002
8016
8024
8024
8027
8034
8047
8047
8063
8069
8088
8092
8094
8097
8109
8118
8128
8140
8141
8141
8145
8149
8153
8167
8189
8190
8191
8197
8199
8201
8202
8215
8215
8223
8227
8228
8234
8237
8238
8246
8253
8255
8261
8265
8275
8276
8276
8287
8288
8291
8293
8296
8315
8320
8330
8331
8343
8350
8350
8389
8412
8414
8417
8422
8447
8453
8464
8464
8473
8498
8517
8521
8525
8527
8531
8534
8536
8539
8556
8570
8570
8575
8583
8584
8603
8617
8620
8635
8643
8650
8653
8656
8664
8665
8669
8689
8702
8702
8705
8706
8726
8729
8738
8750
8755
8773
8777
8780
8785
8785
8795
8804
8806
8824
8840
8844
8861
8864
8864
8867
8875
8878
8883
8889
8897
8902
8906
8907
8921
8922
8929
8940
8956
8967
8974
8974
8976
8980
8986
8999
8999
9003
9003
9010
9024
9033
9034
9049
9054
9057
9060
9060
9078
9082
9098
9102
9116
9117
9128
9138
9139
9148
9151
9165
9171
9181
9183
9183
9190
9191
9215
9217
9218
9231
9237
9253
9275
9281
9295
9307
9329
9353
9361
9362
9368
9370
9385
9387
9391
9404
9405
9409
9412
9422
9422
9428
9438
9445
9448
9455
9477
9478
9481
9486
9515
9517
9523
9531
9531
9537
9571
9574
9577
9580
9585
9616
9626
9641
9648
9650
9655
9659
9679
9709
9710
9731
9734
9738
9743
9745
9747
9748
9754
9760
9761
9795
9796
9798
9802
9804
9808
9816
9825
9830
9867
9888
9889
9903
9907
9911
9930
9944
9948
9948
9991
10012
10018
10024
10024
10027
10027
10044
10052
10071
10076
10081
10091
10106
10109
10113
10123
10132
10139
10154
10162
10162
10165
10168
10191
10202
10211
10239
10240
10262
10265
10271
10274
10281
10291
10300
10306
10308
10311
10335
10336
10343
10345
10348
10355
10358
10363
10363
10368
10385
10398
10422
10455
10457
10458
10463
10479
10480
10483
10495
10496
10498
10505
10508
10514
10518
10521
10523
10533
10570
10573
10577
10592
10598
10598
10603
10603
10610
10610
10612
10613
10619
10628
10628
10632
10653
10654
10659
10669
10684
10684
10693
10706
10710
10721
10721
10728
10729
10734
10736
10742
10748
10751
10765
10785
10789
10795
10799
10803
10809
10821
10823
10845
10850
10857
10873
10877
10882
10887
10888
10903
10906
10915
10926
10935
10948
10957
10973
10984
10986
10992
10998
11007
11010
11024
11026
11031
11073
11073
11091
11094
11107
11119
11121
11127
11134
11157
11174
11177
11181
11182
11188
11200
11204
11209
11212
11218
11219
11226
11244
11245
11262
11272
11279
11301
11302
11303
11304
11306
11321
11325
11327
11328
11353
11370
11370
11383
11384
11385
11393
11406
11407
11423
11427
11432
11440
11447
11466
11480
11485
11487
11493
11521
11527
11538
11549
11557
11561
11570
11572
11581
11592
11600
11607
11612
11627
11645
11649
11660
11660
11663
11674
11688
11694
11711
11716
11725
11746
11749
11750
11769
11771
11795
11810
11823
11834
11838
11842
11846
11854
11854
11859
11866
11868
11895
11911
11946
11949
11957
11959
11974
11974
11979
11984
12000
12016
12036
12054
12067
12076
12076
12078
12085
12087
12096
12098
12109
12140
12154
12158
12165
12188
12190
12192
12192
12204
12213
12219
12232
12232
12241
12244
12245
12247
12249
12256
12264
12269
12270
12286
12289
12290
12296
12300
12306
12307
12314
12316
12328
12328
12340
12366
12375
12390
12390
12405
12414
12437
12442
12475
12481
12488
12498
12498
12501
12512
12515
12517
12524
12529
12547
12566
12584
12591
12599
12601
12616
12617
12625
12627
12630
12630
12635
12637
12641
12668
12670
12680
12682
12683
12692
12693
12702
12704
12709
12714
12716
12719
12734
12735
12748
12749
12754
12762
12783
12788
12789
12794
12794
12799
12800
12801
12803
12804
12805
12810
12822
12823
12837
12839
12840
12841
12859
12868
12868
12871
12872
12879
12884
12905
12915
12970
12972
12982
12999
13003
13009
13016
13018
13021
13025
13027
13031
13036
13048
13052
13071
13086
13104
13113
13122
13124
13145
13149
13156
13162
13169
13174
13176
13179
13187
13204
13215
13230
13232
13233
13238
13245
13246
13252
13256
13266
13269
13276
13281
13285
13289
13291
13292
13302
13309
13330
13339
13342
13346
13348
13350
13351
13354
13368
13381
13385
13388
13389
13392
13394
13405
13409
13413
13429
13433
13441
13441
13450
13456
13464
13471
13478
13484
13503
13507
13509
13531
13534
13536
13542
13577
13581
13609
13609
13611
13636
13638
13657
13664
13671
13712
13715
13716
13728
13731
13742
13752
13761
13774
13799
13802
13809
13817
13824
13833
13835
13840
13842
13842
13856
13866
13871
13908
13916
13923
13947
13977
13986
13987
13997
14011
14026
14033
14037
14046
14050
14061
14065
14065
14069
14083
14112
14117
14122
14123
14124
14140
14141
14152
14188
14189
14193
14212
14230
14244
14244
14272
14278
14314
14318
14319
14319
14335
14346
14351
14357
14368
14369
14374
14375
14376
14377
14379
14391
14393
14412
14429
14433
14456
14461
14466
14472
14475
14492
14496
14497
14528
14529
14542
14568
14574
14581
14583
14583
14595
14598
14621
14631
14658
14660
14668
14692
14693
14714
14716
14718
14730
14736
14749
14789
14791
14813
14815
14816
14832
14838
14841
14844
14846
14851
14874
14886
14897
14907
14919
14920
14929
14930
14931
14947
14965
14973
15001
15005
15007
15010
15011
15018
15035
15037
15039
15047
15052
15053
15056
15068
15085
15086
15112
15122
15128
15130
15133
15133
15140
15153
15161
15162
15173
15182
15184
15199
15224
15225
15231
15241
15246
15248
15271
15276
15278
15280
15287
15311
15311
15315
15319
15322
15341
15345
15351
15356
15364
15373
15374
15388
15389
15397
15397
15401
15405
15405
15420
15421
15433
15440
15442
15456
15464
15465
15469
15474
15481
15482
15485
15485
15500
15510
15511
15515
15515
15545
15545
15553
15555
15555
15555
15558
15572
15575
15586
15589
15590
15612
15613
15613
15630
15636
15650
15660
15660
15662
15673
15689
15697
15698
15701
15702
15703
15705
15711
15711
15714
15715
15731
15731
15732
15758
15787
15792
15800
15801
15803
15804
15804
15809
15811
15812
15819
15838
15852
15856
15856
15856
15862
15876
15877
15880
15892
15892
15917
15923
15924
15925
15927
15929
15947
15949
15951
15968
15969
15980
15982
15983
15989
15991
16005
16007
16008
16016
16034
16034
16042
16055
16073
16083
16083
16090
16122
16125
16136
16143
16164
16181
16183
16184
16185
16195
16201
16209
16211
16214
16222
16228
16243
16254
16265
16277
16282
16304
16313
16336
16339
16345
16346
16357
16361
16368
16376
16392
16409
16411
16414
16428
16433
16441
16447
16454
16458
16461
16469
16470
16476
16487
16525
16526
16526
16526
16563
16565
16576
16595
16595
16615
16620
16625
16630
16647
16649
16651
16654
16665
16672
16679
16683
16697
16704
16723
16738
16745
16745
16745
16747
16749
16759
16769
16775
16776
16784
16798
16812
16812
16839
16840
16841
16845
16846
16864
16866
16886
16893
16903
16912
16916
16925
16926
16932
16937
16963
16970
16975
16978
16995
16999
17019
17022
17024
17025
17036
17039
17042
17043
17063
17067
17088
17096
17096
17101
17109
17122
17126
17131
17172
17195
17197
17198
17201
17203
17204
17207
17207
17208
17214
17219
17221
17257
17271
17273
17281
17282
17288
17292
17296
17300
17302
17304
17304
17310
17338
17357
17358
17383
17394
17400
17401
17410
17414
17419
17441
17445
17455
17460
17475
17475
17491
17498
17505
17526
17529
17537
17539
17551
17556
17561
17567
17593
17612
17621
17623
17631
17632
17636
17662
17674
17692
17693
17694
17697
17701
17717
17742
17745
17751
17757
17770
17780
17787
17790
17795
17798
17810
17814
17819
17832
17837
17844
17853
17858
17859
17869
17872
17879
17886
17889
17890
17891
17900
17903
17910
17917
17918
17920
17926
17945
17950
17952
17957
17965
17967
18015
18019
18025
18027
18040
18041
18070
18073
18075
18084
18091
18096
18102
18107
18115
18116
18123
18130
18137
18141
18144
18146
18153
18158
18171
18191
18210
18212
18224
18234
18236
18243
18260
18261
18270
18273
18273
18299
18308
18310
18312
18322
18327
18349
18380
18383
18425
18434
18447
18454
18477
18503
18507
18508
18533
18556
18566
18573
18573
18587
18589
18610
18616
18626
18648
18648
18649
18654
18673
18680
18683
18689
18700
18703
18709
18715
18717
18718
18724
18730
18735
18751
18754
18758
18758
18768
18771
18774
18779
18779
18784
18787
18796
18798
18809
18816
18824
18824
18825
18833
18837
18838
18839
18844
18862
18865
18866
18878
18885
18903
18924
18935
18943
18972
18974
18984
18985
18985
19003
19005
19027
19041
19043
19045
19051
19064
19068
19072
19092
19094
19115
19142
19167
19169
19182
19187
19223
19226
19227
19229
19233
19233
19233
19244
19277
19286
19291
19295
19309
19311
19333
19334
19345
19353
19358
19369
19377
19378
19383
19398
19407
19408
19410
19411
19411
19415
19416
19422
19435
19459
19464
19468
19485
19503
19509
19510
19525
19548
19555
19560
19564
19589
19590
19597
19630
19634
19637
19638
19643
19643
19654
19676
19702
19735
19736
19767
19768
19771
19797
19813
19825
19834
19837
19868
19874
19888
19904
19905
19907
19946
19948
19956
19962
19979
19979
19981
20007
20013
20019
20023
20039
20044
20047
20079
20097
20097
20111
20127
20133
20143
20156
20157
20158
20161
20168
20183
20191
20196
20196
20199
20200
20207
20253
20271
20293
20299
20299
20305
20317
20343
20347
20368
20371
20371
20373
20390
20411
20442
20443
20448
20487
20496
20500
20518
20521
20526
20535
20537
20561
20564
20566
20566
20572
20576
20576
20583
20626
20633
20643
20657
20685
20691
20695
20707
20708
20721
20733
20734
20744
20768
20770
20792
20815
20815
20819
20825
20842
20846
20849
20855
20858
20864
20871
20879
20890
20894
20907
20921
20925
20929
20940
20945
20946
20950
20952
20957
20962
20965
20965
20990
21008
21013
21015
21021
21023
21023
21030
21030
21041
21054
21074
21078
21097
21104
21107
21140
21143
21144
21150
21158
21161
21162
21180
21188
21200
21223
21229
21240
21267
21267
21288
21289
21295
21311
21322
21322
21328
21337
21338
21343
21343
21351
21358
21363
21373
21382
21384
21394
21396
21402
21403
21456
21465
21466
21469
21488
21495
21497
21501
21512
21531
21544
21545
21564
21573
21577
21592
21595
21596
21598
21615
21616
21635
21635
21637
21639
21653
21661
21677
21690
21697
21715
21726
21728
21730
21739
21751
21760
21760
21762
21790
21795
21830
21831
21836
21846
21847
21849
21858
21858
21875
21881
21885
21936
21939
21946
21955
21966
21969
21975
21988
21996
21998
22011
22015
22030
22044
22053
22055
22056
22061
22064
22067
22071
22073
22074
22077
22079
22088
22099
22101
22117
22123
22132
22141
22154
22161
22162
22163
22168
22168
22169
22169
22180
22186
22191
22204
22224
22228
22235
22236
22252
22256
22263
22267
22267
22271
22277
22298
22324
22328
22334
22338
22338
22339
22350
22351
22356
22361
22363
22363
22371
22389
22390
22416
22420
22423
22429
22445
22457
22464
22486
22488
22497
22506
22516
22521
22536
22539
22542
22545
22549
22562
22567
22582
22587
22588
22592
22603
22608
22614
22626
22635
22637
22637
22648
22652
22672
22682
22699
22703
22704
22708
22712
22712
22741
22745
22754
22767
22769
22769
22797
22806
22810
22817
22823
22830
22845
22852
22861
22863
22880
22888
22888
22917
22931
22943
22958
22967
22968
22972
22981
22991
23009
23010
23019
23020
23022
23033
23053
23055
23060
23063
23066
23070
23085
23089
23090
23097
23107
23108
23110
23112
23118
23119
23132
23135
23136
23137
23139
23145
23148
23153
23159
23167
23167
23175
23207
23211
23213
23215
23225
23227
23233
23246
23252
23269
23294
23296
23307
23310
23318
23335
23336
23357
23371
23371
23373
23388
23416
23422
23427
23431
23433
23443
23444
23447
23447
23462
23464
23466
23468
23474
23485
23492
23512
23525
23525
23531
23539
23569
23578
23581
23584
23584
23588
23597
23600
23632
23632
23634
23649
23666
23666
23668
23671
23673
23674
23678
23686
23687
23707
23709
23711
23712
23718
23719
23720
23727
23746
23750
23755
23763
23766
23767
23771
23776
23778
23793
23798
23801
23802
23815
23843
23844
23845
23845
23858
23861
23869
23872
23894
23904
23911
23919
23921
23924
23935
23942
23953
23961
23963
23970
23976
23983
23994
24008
24018
24022
24049
24067
24067
24124
24127
24127
24135
24147
24150
24151
24156
24169
24175
24176
24177
24179
24183
24192
24192
24199
24203
24213
24223
24226
24228
24229
24249
24256
24262
24262
24268
24285
24321
24338
24348
24354
24369
24383
24383
24384
24391
24393
24421
24431
24439
24471
24479
24481
24507
24509
24514
24515
24524
24538
24561
24566
24566
24576
24584
24590
24597
24603
24605
24632
24641
24651
24656
24674
24676
24687
24693
24694
24696
24701
24702
24702
24713
24718
24719
24722
24732
24738
24745
24750
24752
24756
24762
24767
24768
24777
24777
24792
24806
24806
24812
24824
24841
24857
24861
24874
24882
24891
24904
24913
24915
24915
24917
24927
24934
24953
24957
24963
24964
24968
24978
24986
24992
24994
25007
25009
25017
25045
25079
25095
25096
25109
25115
25133
25134
25139
25143
25163
25164
25168
25176
25181
25184
25190
25192
25195
25213
25220
25229
25235
25246
25278
25278
25285
25291
25292
25293
25297
25310
25313
25319
25329
25334
25347
25349
25350
25357
25362
25377
25381
25394
25398
25410
25413
25422
25423
25423
25428
25438
25448
25448
25464
25468
25472
25484
25485
25495
25496
25500
25514
25519
25527
25532
25535
25551
25566
25572
25587
25591
25600
25607
25609
25612
25617
25622
25642
25664
25674
25683
25685
25694
25703
25709
25732
25749
25778
25788
25789
25801
25804
25808
25833
25849
25864
25872
25874
25887
25888
25911
25912
25937
25950
25953
25957
25966
25970
25975
25978
25995
25999
26006
26026
26032
26045
26048
26049
26061
26064
26067
26086
26087
26093
26095
26098
26109
26174
26185
26207
26225
26232
26244
26245
26247
26249
26265
26280
26303
26319
26326
26336
26341
26346
26355
26359
26371
26371
26380
26398
26402
26411
26422
26434
26443
26446
26459
26474
26487
26491
26497
26501
26519
26525
26527
26528
26537
26567
26568
26581
26598
26602
26604
26609
26646
26654
26659
26662
26686
26697
26702
26708
26716
26717
26719
26724
26730
26739
26739
26745
26748
26757
26761
26769
26778
26778
26782
26785
26791
26810
26857
26858
26867
26870
26886
26893
26911
26911
26917
26933
26939
26970
26976
26977
27007
27007
27009
27009
27035
27044
27046
27053
27061
27087
27088
27097
27145
27151
27152
27152
27165
27166
27167
27170
27171
27173
27180
27180
27186
27202
27202
27210
27211
27216
27219
27228
27232
27235
27246
27256
27271
27272
27283
27284
27295
27322
27323
27327
27329
27333
27333
27341
27343
27345
27349
27374
27382
27391
27392
27403
27428
27441
27451
27469
27471
27488
27494
27507
27517
27521
27522
27527
27528
27533
27533
27536
27540
27547
27553
27559
27561
27564
27564
27569
27570
27580
27588
27600
27603
27605
27612
27614
27615
27617
27635
27644
27646
27661
27663
27665
27689
27690
27690
27711
27725
27737
27741
27746
27747
27748
27759
27766
27766
27774
27783
27792
27801
27804
27806
27813
27830
27835
27849
27851
27869
27877
27881
27882
27884
27890
27891
27896
27912
27932
27946
27948
27966
27975
27990
27991
27999
28017
28027
28037
28045
28047
28057
28065
28068
28077
28086
28091
28095
28100
28113
28119
28134
28134
28141
28147
28154
28162
28168
28170
28195
28201
28202
28203
28206
28220
28225
28230
28233
28236
28244
28246
28246
28256
28257
28259
28265
28266
28267
28268
28273
28282
28283
28286
28289
28290
28296
28304
28327
28327
28330
28335
28348
28353
28370
28386
28389
28402
28405
28424
28430
28437
28449
28450
28456
28457
28459
28465
28489
28492
28499
28500
28528
28531
28544
28546
28548
28555
28556
28566
28570
28583
28594
28604
28615
28633
28636
28638
28679
28687
28708
28712
28725
28729
28737
28739
28742
28743
28745
28746
28762
28763
28793
28793
28857
28888
28890
28890
28931
28946
28958
28961
28978
28979
28992
28997
29002
29005
29010
29012
29015
29020
29024
29042
29051
29052
29054
29057
29061
29065
29077
29077
29088
29103
29108
29109
29128
29138
29138
29153
29164
29186
29189
29191
29194
29194
29199
29205
29205
29210
29213
29227
29241
29247
29269
29280
29282
29318
29340
29342
29349
29351
29355
29359
29363
29365
29370
29382
29393
29397
29402
29404
29408
29408
29408
29409
29414
29423
29431
29431
29439
29456
29463
29467
29476
29486
29489
29498
29503
29515
29516
29518
29519
29559
29566
29577
29579
29585
29594
29596
29597
29599
29606
29607
29618
29629
29635
29643
29652
29652
29662
29663
29664
29664
29670
29673
29674
29678
29683
29686
29688
29696
29702
29712
29715
29736
29749
29764
29772
29772
29779
29782
29786
29792
29797
29799
29803
29812
29817
29826
29831
29836
29845
29847
29851
29859
29861
29863
29875
29875
29880
29908
29916
29919
29923
29929
29931
29937
29941
29944
29950
29952
29973
29987
29992
30003
30018
30024
30032
30047
30051
30056
30056
30067
30073
30073
30087
30108
30110
30127
30132
30135
30148
30150
30164
30172
30174
30182
30185
30202
30206
30215
30217
30224
30254
30256
30261
30270
30271
30291
30293
30294
30294
30296
30297
30306
30314
30327
30327
30339
30341
30350
30368
30371
30380
30387
30395
30396
30402
30411
30435
30442
30451
30481
30485
30492
30517
30517
30520
30528
30530
30534
30538
30540
30544
30547
30549
30576
30604
30605
30606
30615
30619
30627
30632
30658
30665
30666
30668
30673
30677
30681
30683
30696
30698
30698
30708
30716
30718
30750
30758
30759
30765
30788
30807
30818
30825
30828
30837
30842
30858
30861
30870
30880
30885
30889
30890
30904
30911
30923
30929
30957
30961
30989
31003
31006
31020
31022
31023
31028
31030
31035
31046
31057
31105
31125
31130
31132
31138
31147
31175
31180
31183
31189
31192
31201
31202
31209
31210
31211
31215
31218
31228
31232
31236
31236
31244
31245
31266
31269
31271
31286
31287
31288
31290
31294
31295
31307
31324
31332
31336
31341
31346
31349
31355
31356
31366
31379
31434
31468
31471
31495
31498
31498
31503
31535
31539
31541
31544
31545
31551
31554
31555
31580
31592
31594
31601
31601
31604
31605
31605
31610
31616
31623
31632
31633
31641
31658
31659
31693
31707
31707
31718
31724
31739
31755
31763
31770
31772
31774
31774
31780
31785
31801
31805
31809
31819
31864
31866
31869
31874
31887
31891
31894
31898
31902
31921
31933
31935
31976
31991
32011
32020
32024
32036
32037
32039
32054
32061
32076
32085
32111
32113
32118
32118
32120
32123
32131
32135
32143
32143
32149
32171
32174
32175
32179
32186
32191
32207
32208
32217
32248
32249
32257
32278
32278
32280
32286
32295
32309
32332
32348
32351
32352
32365
32380
32385
32398
32400
32400
32409
32416
32421
32428
32438
32441
32442
32457
32479
32487
32489
32489
32499
32530
32536
32540
32551
32553
32554
32557
32572
32582
32583
32588
32594
32597
32609
32620
32634
32635
32642
32645
32650
32652
32653
32662
32663
32666
32681
32684
32701
32706
32711
32736
32756
32759
32759
32760
