14
21
34
35
43
74
76
81
85
97
98
105
120
121
122
158
162
181
182
184
187
203
205
207
210
222
223
224
230
249
255
260
261
262
268
270
285
285
294
309
316
331
334
342
342
354
368
375
376
389
398
409
410
427
438
438
448
453
478
488
490
502
507
513
520
520
521
530
534
549
555
583
585
601
604
617
621
632
640
644
648
682
695
696
708
714
715
719
727
752
755
770
781
781
782
786
788
812
815
817
827
829
832
848
853
854
855
858
859
864
868
885
915
929
931
940
943
953
962
966
969
970
975
981
983
990
992
1000
1000
1006
1013
1021
1021
1022
1035
1061
1082
1085
1099
1104
1122
1128
1129
1129
1137
1149
1151
1170
1174
1175
1177
1180
1184
1193
1196
1201
1203
1205
1212
1228
1236
1251
1255
1260
1261
1270
1285
1294
1307
1328
1334
1343
1353
1355
1356
1361
1370
1386
1395
1397
1409
1415
1420
1429
1430
1447
1450
1499
1502
1520
1521
1523
1529
1530
1532
1537
1539
1545
1545
1555
1558
1563
1571
1578
1580
1585
1596
1606
1609
1613
1617
1621
1625
1631
1638
1641
1643
1669
1677
1682
1686
1692
1706
1708
1717
1741
1753
1768
1776
1786
1801
1807
1828
1830
1910
1916
1969
1975
1981
1990
2008
2015
2017
2018
2046
2048
2054
2058
2075
2093
2093
2096
2112
2113
2125
2133
2142
2145
2145
2161
2168
2170
2170
2172
2173
2175
2182
2184
2184
2185
2188
2195
2201
2205
2221
2225
2227
2230
2236
2243
2248
2248
2248
2249
2260
2262
2269
2271
2275
2280
2289
2292
2297
2305
2307
2314
2319
2327
2331
2331
2348
2351
2358
2359
2364
2364
2371
2384
2390
2392
2395
2395
2419
2435
2444
2466
2473
2477
2482
2486
2493
2503
2503
2530
2532
2534
2541
2542
2542
2551
2552
2555
2560
2563
2564
2583
2590
2593
2600
2603
2606
2634
2652
2678
2684
2693
2705
2708
2710
2720
2723
2724
2730
2732
2744
2745
2749
2752
2755
2761
2771
2797
2811
2815
2815
2843
2851
2860
2868
2874
2875
2881
2883
2915
2930
2958
2968
2971
2972
2976
2981
2990
3007
3019
3033
3049
3053
3065
3067
3087
3095
3100
3110
3112
3124
3124
3147
3148
3151
3170
3185
3188
3203
3221
3240
3253
3256
3259
3276
3280
3285
3286
3298
3304
3306
3312
3317
3325
3326
3329
3332
3333
3341
3343
3347
3348
3355
3355
3371
3390
3394
3403
3411
3417
3425
3454
3455
3467
3488
3494
3495
3502
3522
3528
3545
3559
3569
3578
3580
3583
3595
3598
3604
3615
3617
3620
3628
3640
3646
3648
3649
3658
3667
3669
3682
3709
3709
3719
3720
3734
3737
3747
3747
3753
3760
3768
3777
3780
3788
3818
3840
3871
3872
3874
3882
3885
3886
3887
3909
3912
3924
3929
3930
3931
3958
3968
3971
3975
3978
3980
3984
3985
3986
3993
4003
4010
4016
4020
4022
4038
4057
4081
4084
4099
4105
4106
4107
4109
4114
4128
4131
4131
4142
4152
4164
4167
4179
4194
4211
4215
4222
4224
4229
4250
4251
4261
4262
4264
4284
4288
4298
4299
4301
4302
4313
4313
4324
4328
4333
4334
4337
4342
4345
4347
4348
4353
4377
4378
4380
4382
4383
4387
4398
4400
4405
4408
4416
4416
4422
4425
4428
4431
4440
4445
4455
4465
4467
4483
4492
4502
4513
4516
4542
4544
4562
4565
4565
4568
4573
4574
4583
4621
4623
4625
4631
4641
4655
4668
4674
4691
4708
4712
4713
4718
4729
4733
4739
4739
4741
4753
4754
4760
4775
4779
4786
4790
4835
4835
4856
4863
4864
4895
4901
4901
4909
4921
4923
4927
4928
4938
4939
4955
4959
4982
4994
5009
5015
5025
5042
5043
5055
5057
5057
5059
5063
5065
5072
5072
5079
5081
5081
5095
5119
5128
5140
5153
5154
5178
5187
5193
5198
5235
5236
5248
5280
5294
5314
5316
5325
5329
5332
5380
5388
5404
5404
5415
5429
5429
5431
5440
5445
5464
5464
5473
5473
5473
5480
5483
5497
5524
5534
5547
5554
5577
5579
5584
5597
5608
5616
5621
5635
5653
5718
5725
5735
5736
5753
5783
5806
5808
5817
5819
5834
5843
5846
5847
5851
5856
5859
5868
5870
5884
5889
5891
5905
5930
5941
5968
5986
5994
5996
6005
6010
6030
6031
6068
6070
6075
6086
6093
6098
6106
6137
6137
6143
6150
6150
6164
6165
6183
6186
6197
6207
6212
6226
6232
6243
6248
6265
6265
6275
6281
6290
6312
6316
6316
6327
6334
6341
6342
6346
6357
6378
6381
6384
6390
6427
6443
6443
6446
6504
6532
6533
6536
6541
6548
6561
6564
6569
6582
6595
6597
6597
6616
6624
6631
6651
6657
6671
6673
6676
6682
6700
6712
6715
6717
6727
6736
6775
6780
6799
6815
6816
6826
6848
6852
6852
6862
6863
6869
6871
6876
6877
6903
6904
6906
6922
6926
6930
6930
6940
6940
6947
6967
6983
6991
6998
7003
7010
7014
7015
7020
7033
7045
7053
7059
7063
7081
7086
7095
7100
7117
7121
7122
7131
7132
7135
7137
7138
7138
7143
7160
7162
7182
7182
7199
7201
7209
7227
7252
7253
7254
7263
7265
7281
7286
7286
7286
7287
7310
7310
7324
7327
7329
7333
7343
7344
7351
7367
7379
7389
7393
7396
7398
7405
7430
7443
7447
7453
7459
7469
7489
7495
7510
7517
7518
7522
7523
7523
7529
7533
7537
7541
7548
7551
7553
7553
7560
7584
7588
7609
7622
7628
7631
7639
7644
7646
7663
7663
7682
7683
7684
7695
7704
7718
7720
7722
7722
7725
7730
7731
7732
7740
7752
7757
7774
7780
7800
7802
7805
7806
7807
7812
7819
7821
7838
7855
7876
7889
7897
7903
7910
7931
7950
7962
7992
8015
8015
8023
8026
8027
8030
8040
8048
8073
8076
8084
8090
8090
8105
8121
8122
8124
8125
8131
8152
8154
8157
8157
8163
8165
8186
8195
8207
8214
8216
8225
8253
8258
8259
8265
8288
8291
8294
8297
8302
8314
8325
8328
8336
8340
8342
8343
8347
8375
8382
8388
8399
8408
8431
8434
8441
8446
8451
8456
8462
8488
8488
8492
8494
8498
8498
8507
8514
8516
8526
8532
8540
8545
8549
8551
8553
8562
8575
8595
8596
8613
8618
8620
8626
8628
8629
8630
8642
8645
8657
8661
8663
8677
8680
8681
8683
8689
8695
8707
8712
8715
8763
8771
8771
8772
8781
8783
8791
8793
8797
8808
8812
8821
8831
8834
8847
8868
8877
8880
8889
8889
8917
8922
8940
8947
8955
8961
8964
8988
8992
9022
9024
9026
9032
9039
9044
9062
9066
9075
9087
9092
9104
9118
9155
9156
9170
9171
9174
9186
9201
9204
9220
9224
9227
9230
9235
9245
9246
9250
9256
9259
9270
9270
9276
9278
9281
9284
9303
9314
9322
9337
9340
9343
9357
9389
9407
9409
9417
9423
9430
9434
9439
9451
9461
9472
9480
9487
9510
9515
9518
9529
9531
9537
9549
9553
9554
9563
9568
9570
9580
9591
9613
9617
9618
9636
9653
9660
9671
9676
9699
9704
9721
9725
9735
9739
9746
9751
9770
9771
9781
9782
9782
9788
9811
9812
9822
9823
9827
9830
9835
9844
9851
9852
9878
9878
9891
9893
9893
9896
9899
9899
9907
9937
9941
9949
9957
9966
9968
9976
9994
9999
10010
10017
10025
10045
10055
10063
10098
10099
10124
10131
10148
10153
10154
10160
10192
10209
10218
10219
10226
10228
10231
10241
10247
10255
10259
10274
10285
10297
10301
10341
10343
10364
10366
10389
10392
10406
10423
10425
10425
10434
10471
10475
10498
10500
10500
10530
10548
10549
10552
10557
10562
10573
10575
10597
10607
10609
10616
10618
10623
10623
10627
10646
10662
10675
10676
10678
10685
10691
10692
10705
10726
10727
10747
10750
10755
10768
10781
10786
10791
10792
10801
10810
10824
10825
10827
10841
10842
10845
10845
10845
10850
10851
10856
10864
10872
10875
10884
10892
10899
10901
10902
10917
10918
10925
10940
10957
10962
10963
10963
10987
10993
10994
10995
10996
10997
11016
11019
11031
11033
11038
11075
11082
11089
11099
11107
11113
11117
11119
11144
11171
11177
11186
11201
11202
11225
11235
11242
11244
11251
11251
11251
11272
11278
11278
11290
11305
11312
11313
11317
11327
11329
11347
11353
11362
11374
11379
11383
11398
11417
11417
11423
11428
11433
11434
11441
11445
11473
11476
11480
11488
11500
11504
11513
11517
11525
11563
11574
11606
11607
11608
11627
11632
11634
11646
11653
11653
11656
11658
11669
11678
11684
11687
11690
11692
11696
11700
11702
11734
11738
11742
11748
11751
11766
11771
11774
11777
11799
11804
11817
11822
11823
11823
11828
11833
11844
11844
11859
11880
11903
11915
11916
11923
11936
11945
11961
11974
11993
12019
12021
12022
12026
12029
12029
12044
12052
12065
12066
12081
12102
12105
12120
12123
12132
12148
12162
12176
12185
12189
12189
12196
12198
12207
12210
12216
12217
12234
12236
12239
12249
12254
12258
12273
12276
12281
12286
12303
12331
12336
12340
12343
12355
12392
12401
12408
12408
12410
12417
12429
12437
12437
12450
12459
12471
12492
12496
12502
12511
12531
12534
12541
12543
12555
12560
12593
12600
12605
12609
12610
12615
12619
12630
12633
12634
12637
12662
12676
12687
12688
12689
12694
12698
12702
12717
12738
12752
12766
12766
12782
12808
12821
12825
12841
12846
12851
12856
12857
12864
12866
12879
12880
12886
12895
12896
12902
12914
12918
12938
12945
12953
12968
12976
12989
12999
13030
13034
13054
13063
13077
13092
13099
13125
13130
13133
13148
13156
13158
13161
13168
13176
13190
13190
13202
13216
13228
13236
13236
13240
13255
13259
13264
13268
13268
13283
13292
13299
13301
13304
13309
13309
13309
13316
13333
13343
13343
13346
13361
13370
13412
13459
13460
13478
13505
13506
13510
13516
13519
13535
13545
13547
13562
13563
13581
13594
13595
13608
13614
13626
13642
13643
13649
13660
13660
13660
13687
13695
13698
13701
13701
13704
13713
13717
13722
13722
13729
13733
13734
13738
13741
13742
13743
13743
13791
13805
13810
13822
13823
13837
13850
13858
13875
13877
13885
13892
13900
13902
13916
13926
13927
13927
13932
13936
13950
13952
13958
13958
13969
13969
13973
13985
13987
13989
13994
13995
14005
14008
14018
14023
14030
14031
14034
14043
14049
14059
14066
14087
14100
14111
14112
14131
14143
14145
14159
14177
14184
14189
14193
14197
14197
14201
14213
14219
14220
14232
14255
14268
14277
14286
14298
14313
14314
14319
14341
14342
14343
14349
14384
14399
14403
14418
14439
14446
14447
14450
14453
14454
14456
14458
14460
14464
14481
14482
14496
14500
14523
14525
14527
14528
14545
14554
14593
14597
14599
14608
14609
14622
14626
14626
14629
14632
14633
14652
14663
14665
14668
14670
14670
14673
14684
14692
14714
14716
14717
14733
14738
14739
14754
14788
14794
14800
14809
14818
14828
14840
14842
14864
14871
14888
14891
14892
14908
14912
14917
14920
14922
14929
14950
14955
14991
14992
14998
14999
15000
15002
15008
15011
15021
15023
15034
15049
15049
15059
15059
15062
15062
15064
15094
15105
15110
15116
15139
15143
15208
15209
15230
15243
15270
15272
15276
15277
15289
15295
15302
15316
15329
15336
15336
15339
15353
15377
15378
15380
15384
15387
15394
15395
15415
15419
15424
15425
15426
15441
15442
15447
15459
15465
15468
15469
15474
15482
15484
15499
15499
15527
15528
15531
15538
15543
15560
15574
15586
15586
15592
15600
15609
15610
15612
15628
15629
15649
15649
15654
15657
15664
15674
15681
15690
15699
15708
15708
15710
15714
15716
15720
15722
15723
15726
15727
15733
15740
15740
15741
15758
15758
15769
15771
15806
15809
15829
15830
15838
15842
15847
15867
15871
15872
15876
15877
15877
15894
15896
15925
15930
15934
15943
15958
15962
15964
15966
15973
15990
15996
16016
16018
16026
16038
16041
16042
16073
16077
16086
16089
16106
16110
16122
16124
16130
16134
16135
16148
16155
16180
16183
16188
16198
16207
16227
16229
16238
16249
16260
16263
16266
16273
16276
16276
16278
16280
16314
16314
16325
16339
16339
16352
16358
16365
16368
16386
16388
16405
16410
16412
16461
16470
16482
16488
16488
16499
16516
16524
16528
16547
16547
16548
16568
16571
16577
16582
16588
16588
16596
16606
16615
16620
16624
16634
16644
16644
16645
16660
16672
16683
16689
16694
16700
16719
16758
16771
16772
16777
16793
16798
16799
16800
16814
16828
16847
16851
16852
16857
16887
16899
16906
16908
16910
16911
16920
16924
16935
16938
16946
16951
16954
16969
16973
16983
16988
16999
17032
17033
17048
17048
17057
17059
17059
17060
17062
17071
17076
17077
17083
17098
17111
17127
17128
17147
17152
17153
17164
17168
17170
17197
17197
17204
17206
17208
17221
17271
17272
17274
17278
17285
17286
17300
17306
17320
17326
17331
17352
17360
17371
17371
17372
17378
17393
17413
17415
17422
17437
17445
17451
17473
17487
17487
17492
17501
17502
17503
17518
17523
17528
17533
17539
17565
17577
17586
17613
17615
17626
17633
17636
17665
17672
17674
17679
17680
17684
17689
17700
17706
17707
17725
17729
17734
17743
17745
17762
17767
17773
17789
17803
17838
17848
17852
17852
17855
17873
17876
17876
17880
17881
17882
17882
17887
17890
17904
17907
17941
17945
17949
17954
17955
18001
18002
18007
18028
18052
18058
18064
18066
18070
18074
18084
18090
18093
18102
18108
18110
18113
18114
18122
18126
18145
18147
18147
18162
18164
18177
18178
18183
18203
18206
18211
18212
18212
18214
18226
18236
18237
18242
18243
18246
18249
18253
18257
18267
18270
18274
18280
18288
18290
18294
18300
18304
18304
18317
18332
18338
18350
18362
18374
18376
18391
18400
18400
18413
18416
18426
18445
18452
18457
18458
18461
18481
18497
18499
18528
18528
18533
18551
18552
18562
18573
18584
18592
18595
18617
18626
18629
18640
18640
18645
18646
18648
18682
18689
18701
18707
18709
18711
18726
18728
18745
18747
18754
18760
18768
18771
18777
18781
18788
18789
18789
18794
18812
18822
18842
18844
18859
18865
18867
18870
18872
18885
18886
18888
18892
18898
18904
18910
18911
18915
18916
18923
18931
18933
18941
18947
18959
18960
18964
19006
19018
19019
19021
19022
19027
19035
19037
19048
19050
19055
19059
19061
19065
19071
19083
19084
19096
19099
19103
19105
19105
19107
19110
19140
19154
19154
19157
19167
19176
19177
19184
19196
19203
19212
19216
19217
19218
19251
19264
19266
19275
19277
19279
19289
19290
19290
19293
19297
19306
19311
19320
19326
19328
19348
19352
19359
19366
19381
19394
19396
19397
19418
19428
19447
19454
19458
19466
19466
19476
19490
19497
19499
19503
19505
19519
19521
19524
19547
19548
19554
19556
19560
19568
19577
19582
19599
19599
19600
19605
19625
19633
19640
19648
19649
19665
19667
19668
19683
19684
19691
19693
19697
19719
19729
19730
19751
19785
19790
19790
19795
19801
19803
19808
19813
19813
19827
19828
19837
19844
19846
19867
19873
19876
19876
19885
19900
19902
19912
19914
19919
19927
19943
19973
19988
19993
19993
19994
20006
20007
20009
20012
20026
20030
20047
20047
20047
20054
20060
20063
20067
20075
20080
20096
20123
20124
20138
20139
20148
20155
20158
20175
20193
20194
20199
20210
20215
20220
20220
20243
20248
20259
20263
20281
20291
20291
20318
20321
20327
20327
20330
20335
20342
20364
20393
20395
20410
20411
20421
20422
20440
20443
20448
20452
20458
20478
20489
20501
20503
20510
20511
20530
20533
20545
20555
20560
20565
20568
20575
20589
20592
20595
20597
20608
20638
20651
20652
20680
20692
20692
20693
20704
20711
20711
20712
20729
20740
20754
20757
20793
20795
20796
20797
20801
20807
20812
20817
20820
20827
20836
20842
20854
20856
20870
20909
20935
20935
20936
20937
20947
20972
20980
20981
20983
20988
20994
20998
21002
21020
21049
21050
21077
21104
21108
21110
21111
21113
21121
21126
21128
21138
21141
21143
21160
21175
21189
21203
21205
21206
21208
21216
21221
21224
21229
21231
21238
21239
21248
21248
21249
21258
21300
21308
21310
21331
21347
21353
21360
21366
21366
21379
21383
21395
21400
21400
21400
21406
21410
21414
21417
21431
21446
21471
21485
21500
21515
21524
21528
21528
21560
21562
21565
21567
21606
21607
21612
21614
21622
21636
21640
21669
21672
21673
21676
21680
21685
21686
21686
21701
21707
21710
21717
21724
21730
21732
21737
21743
21752
21757
21758
21767
21795
21826
21827
21830
21852
21855
21856
21861
21862
21866
21871
21876
21884
21885
21899
21904
21912
21918
21919
21921
21930
21932
21933
21940
21947
21957
21970
21984
21998
22001
22007
22038
22039
22039
22045
22053
22065
22065
22068
22075
22084
22102
22119
22120
22122
22122
22136
22138
22141
22145
22162
22168
22169
22187
22211
22215
22216
22231
22252
22260
22263
22278
22295
22295
22301
22315
22336
22379
22384
22391
22392
22402
22407
22427
22442
22469
22476
22477
22490
22490
22506
22507
22518
22527
22536
22536
22558
22565
22575
22595
22600
22603
22603
22609
22619
22622
22623
22623
22624
22646
22652
22661
22661
22662
22663
22678
22684
22686
22691
22705
22707
22709
22722
22722
22726
22728
22748
22755
22777
22777
22780
22796
22804
22804
22808
22812
22844
22848
22856
22857
22873
22879
22886
22886
22891
22925
22937
22938
22942
22944
22948
22951
22954
22976
22980
22986
22998
23003
23004
23013
23025
23034
23040
23048
23057
23071
23072
23074
23076
23078
23078
23080
23091
23092
23099
23112
23113
23122
23123
23139
23153
23173
23206
23211
23218
23241
23242
23259
23261
23287
23288
23290
23295
23304
23326
23337
23348
23358
23362
23366
23395
23406
23410
23415
23418
23423
23426
23448
23450
23453
23453
23456
23457
23459
23463
23468
23472
23476
23494
23496
23500
23503
23514
23525
23532
23538
23540
23545
23577
23581
23593
23597
23598
23613
23619
23621
23637
23640
23645
23657
23663
23678
23694
23695
23699
23711
23715
23716
23729
23737
23753
23764
23770
23774
23774
23775
23799
23807
23809
23811
23811
23811
23819
23824
23832
23832
23858
23859
23862
23863
23864
23908
23914
23915
23939
23973
23976
24001
24008
24009
24010
24017
24019
24034
24035
24035
24036
24041
24056
24067
24071
24076
24081
24095
24107
24109
24111
24121
24128
24128
24141
24141
24150
24166
24170
24177
24199
24203
24204
24210
24213
24223
24238
24242
24245
24247
24253
24261
24263
24279
24286
24291
24298
24306
24315
24318
24322
24335
24341
24342
24345
24350
24358
24358
24363
24376
24379
24388
24389
24403
24413
24418
24427
24431
24431
24441
24441
24442
24444
24444
24447
24447
24472
24480
24480
24487
24492
24503
24532
24532
24536
24540
24543
24545
24551
24558
24560
24565
24567
24568
24577
24581
24582
24587
24617
24618
24646
24646
24648
24665
24696
24711
24725
24768
24780
24780
24785
24812
24815
24816
24824
24828
24831
24833
24833
24853
24867
24892
24894
24910
24927
24943
24957
24960
24963
24964
24969
24973
24981
24981
25010
25011
25016
25019
25019
25027
25035
25037
25058
25065
25101
25105
25109
25116
25120
25126
25126
25134
25136
25136
25137
25139
25144
25146
25159
25177
25180
25192
25193
25216
25219
25250
25256
25257
25267
25276
25280
25287
25287
25304
25305
25314
25315
25332
25346
25363
25366
25373
25390
25391
25392
25394
25398
25409
25414
25443
25443
25445
25461
25464
25502
25539
25541
25542
25544
25544
25551
25561
25567
25569
25574
25578
25595
25605
25609
25614
25635
25648
25649
25656
25666
25682
25684
25693
25694
25710
25710
25725
25736
25773
25777
25793
25795
25804
25819
25824
25827
25827
25838
25844
25847
25848
25849
25849
25869
25871
25894
25903
25929
25932
25962
25964
25967
25972
25975
25990
25996
26000
26006
26008
26016
26018
26029
26034
26066
26083
26105
26113
26125
26146
26151
26160
26171
26175
26175
26181
26209
26216
26227
26237
26245
26247
26250
26267
26268
26278
26287
26291
26293
26297
26299
26317
26318
26323
26331
26337
26342
26359
26360
26365
26368
26369
26374
26390
26394
26398
26402
26410
26411
26412
26414
26420
26424
26446
26447
26450
26461
26478
26508
26511
26545
26552
26556
26558
26559
26566
26567
26580
26587
26594
26598
26599
26623
26626
26628
26628
26636
26636
26638
26643
26647
26663
26664
26666
26673
26680
26701
26704
26711
26712
26716
26717
26734
26745
26756
26791
26792
26795
26799
26813
26816
26820
26820
26821
26839
26857
26858
26863
26870
26883
26911
26919
26930
26935
26939
26956
26957
26960
26984
26993
27004
27008
27009
27011
27019
27019
27023
27026
27041
27064
27065
27078
27082
27086
27106
27109
27134
27164
27172
27175
27185
27190
27197
27199
27199
27199
27200
27208
27212
27214
27221
27224
27231
27238
27239
27239
27253
27260
27261
27265
27270
27285
27310
27316
27318
27319
27332
27338
27371
27377
27406
27410
27414
27419
27425
27428
27450
27463
27464
27471
27486
27486
27489
27490
27492
27495
27505
27506
27522
27525
27528
27531
27545
27549
27554
27555
27568
27584
27589
27592
27610
27614
27616
27617
27622
27624
27637
27655
27673
27700
27709
27715
27721
27726
27731
27733
27747
27757
27763
27765
27768
27788
27789
27790
27791
27791
27791
27801
27812
27814
27821
27824
27834
27837
27871
27880
27885
27897
27898
27900
27908
27921
27926
27934
27934
27936
27939
27940
27953
27963
27996
28003
28018
28025
28029
28056
28078
28084
28084
28100
28125
28138
28139
28145
28148
28177
28185
28202
28206
28221
28228
28251
28253
28255
28275
28306
28320
28330
28344
28346
28357
28360
28362
28364
28386
28387
28393
28402
28402
28406
28416
28424
28426
28438
28440
28448
28449
28472
28479
28483
28487
28501
28512
28519
28519
28522
28523
28537
28537
28572
28590
28591
28607
28614
28618
28639
28643
28653
28664
28670
28677
28682
28682
28688
28689
28694
28698
28701
28723
28737
28744
28752
28753
28756
28778
28779
28782
28790
28791
28801
28809
28813
28824
28869
28894
28900
28904
28905
28906
28913
28931
28947
28949
28955
28956
28974
28975
28980
28980
28982
28984
28990
28992
28998
29003
29004
29007
29014
29021
29025
29027
29034
29035
29037
29049
29056
29057
29078
29080
29083
29096
29103
29104
29113
29117
29130
29134
29136
29138
29138
29147
29148
29148
29153
29156
29164
29178
29179
29193
29196
29198
29200
29210
29219
29232
29242
29253
29263
29297
29314
29317
29320
29322
29329
29330
29330
29333
29340
29351
29352
29365
29389
29397
29398
29407
29412
29420
29451
29482
29491
29492
29516
29518
29522
29534
29540
29559
29564
29566
29567
29571
29587
29597
29600
29602
29606
29617
29619
29620
29627
29631
29631
29634
29637
29642
29662
29663
29672
29680
29685
29687
29687
29733
29733
29739
29740
29754
29757
29757
29779
29788
29793
29797
29804
29820
29825
29825
29833
29838
29839
29843
29847
29849
29851
29861
29887
29892
29893
29893
29897
29902
29908
29911
29913
29938
29943
29944
29950
29968
29977
29981
29985
29996
30012
30013
30019
30024
30037
30085
30089
30104
30115
30123
30127
30129
30137
30152
30156
30157
30164
30184
30199
30199
30201
30210
30217
30218
30219
30228
30256
30257
30260
30283
30284
30298
30298
30312
30322
30324
30325
30331
30331
30332
30342
30361
30368
30371
30374
30376
30382
30384
30385
30393
30399
30404
30407
30420
30425
30434
30462
30478
30481
30483
30485
30498
30499
30504
30534
30555
30558
30559
30578
30582
30582
30589
30590
30591
30602
30611
30611
30613
30614
30624
30629
30638
30650
30663
30668
30686
30733
30735
30740
30745
30748
30749
30754
30763
30770
30781
30785
30786
30788
30795
30798
30813
30825
30825
30835
30840
30852
30853
30880
30912
30912
30915
30918
30927
30927
30944
30947
30956
30958
30962
30966
30973
30985
30986
30989
30992
31000
31002
31007
31021
31025
31028
31030
31040
31071
31075
31076
31081
31092
31128
31135
31141
31143
31147
31147
31163
31178
31188
31200
31206
31207
31234
31239
31252
31271
31278
31278
31279
31289
31313
31327
31340
31347
31354
31361
31362
31365
31371
31390
31405
31409
31418
31439
31441
31450
31454
31456
31468
31473
31481
31503
31507
31510
31516
31520
31534
31543
31553
31596
31613
31617
31618
31629
31669
31675
31681
31685
31695
31709
31733
31738
31753
31753
31759
31764
31770
31772
31776
31784
31784
31804
31815
31815
31816
31818
31819
31822
31847
31854
31858
31865
31871
31874
31877
31877
31921
31922
31922
31932
31935
32006
32037
32044
32058
32076
32080
32083
32100
32110
32116
32120
32123
32138
32139
32140
32144
32150
32153
32154
32163
32173
32177
32177
32203
32218
32224
32225
32233
32234
32252
32255
32258
32268
32271
32278
32279
32292
32307
32345
32365
32365
32367
32374
32375
32406
32413
32413
32419
32420
32422
32423
32426
32432
32442
32447
32459
32465
32470
32474
32475
32483
32489
32495
32511
32535
32550
32555
32559
32564
32566
32569
32581
32586
32590
32599
32607
32629
32631
32636
32638
32647
32649
32653
32662
32683
32684
32689
32704
32704
32712
32722
32723
32737
32745
32749
32754
32754
32756
32757
