0
3
12
12
12
34
37
37
38
38
38
42
44
55
55
71
103
112
127
133
134
141
144
147
156
180
193
206
221
222
227
238
241
245
247
252
267
298
301
302
312
328
329
349
364
374
375
384
389
400
413
430
441
450
472
475
479
485
485
488
489
494
494
509
510
516
530
538
559
563
576
577
594
600
608
614
628
631
634
640
645
646
656
657
671
693
702
712
720
720
734
740
747
751
754
757
762
769
777
780
787
796
796
797
814
818
830
831
849
851
870
870
874
889
895
899
903
919
925
928
936
940
948
953
958
959
965
983
984
998
1008
1013
1017
1039
1053
1058
1062
1071
1080
1092
1092
1096
1096
1097
1102
1104
1110
1123
1129
1129
1131
1139
1140
1141
1149
1150
1155
1155
1171
1188
1190
1205
1236
1247
1273
1283
1284
1290
1292
1294
1299
1302
1304
1317
1331
1346
1347
1358
1365
1365
1365
1367
1372
1380
1381
1391
1400
1401
1406
1408
1411
1420
1427
1428
1448
1449
1449
1450
1466
1466
1486
1487
1492
1495
1509
1512
1512
1516
1527
1528
1541
1551
1552
1556
1559
1566
1576
1580
1580
1581
1583
1598
1604
1621
1628
1632
1633
1640
1648
1659
1662
1669
1680
1687
1703
1711
1714
1725
1742
1746
1754
1759
1765
1779
1779
1783
1809
1812
1814
1818
1826
1832
1851
1871
1872
1890
1903
1910
1928
1945
1949
1969
1974
1978
1979
1979
1986
2004
2006
2007
2019
2023
2037
2048
2052
2052
2056
2058
2071
2081
2084
2098
2098
2111
2113
2116
2132
2141
2150
2150
2150
2151
2152
2156
2162
2165
2174
2180
2197
2200
2201
2202
2208
2215
2216
2216
2219
2223
2226
2241
2247
2267
2273
2279
2286
2296
2316
2316
2326
2327
2334
2335
2358
2360
2365
2378
2386
2390
2397
2398
2401
2421
2421
2428
2435
2449
2456
2483
2499
2505
2508
2513
2523
2526
2526
2542
2543
2545
2551
2559
2568
2569
2574
2576
2579
2591
2594
2601
2605
2606
2608
2608
2619
2638
2640
2642
2665
2667
2671
2694
2703
2709
2711
2738
2739
2745
2754
2755
2766
2771
2777
2798
2802
2803
2810
2811
2813
2819
2846
2859
2866
2868
2872
2877
2888
2891
2899
2901
2909
2915
2920
2921
2930
2931
2939
2940
2976
3021
3026
3035
3049
3086
3087
3091
3094
3103
3124
3124
3128
3143
3170
3173
3182
3189
3193
3195
3198
3206
3207
3214
3217
3220
3245
3245
3253
3267
3302
3303
3313
3316
3317
3318
3326
3326
3349
3353
3355
3358
3364
3371
3379
3424
3437
3445
3460
3468
3475
3488
3499
3514
3518
3527
3528
3536
3557
3560
3577
3583
3587
3590
3592
3611
3613
3615
3620
3640
3657
3658
3660
3663
3670
3671
3677
3697
3697
3733
3738
3754
3759
3770
3776
3782
3804
3818
3823
3837
3850
3857
3859
3862
3868
3884
3885
3903
3905
3913
3930
3933
3939
3958
3968
3975
3976
3979
3981
3996
3999
4026
4027
4036
4043
4049
4089
4091
4105
4106
4114
4119
4120
4132
4135
4137
4143
4148
4153
4155
4156
4160
4162
4171
4182
4189
4191
4199
4224
4228
4260
4260
4260
4262
4267
4271
4275
4295
4300
4309
4311
4317
4324
4343
4351
4355
4358
4363
4378
4382
4385
4386
4395
4404
4405
4422
4429
4433
4433
4438
4452
4454
4462
4479
4511
4517
4538
4539
4557
4567
4569
4574
4579
4582
4584
4590
4594
4601
4603
4643
4647
4654
4655
4660
4664
4671
4681
4720
4724
4729
4730
4743
4751
4757
4758
4767
4786
4810
4846
4848
4863
4881
4882
4885
4889
4908
4908
4916
4917
4939
4941
4945
4945
4947
4966
4968
4974
4979
5029
5030
5043
5046
5048
5073
5083
5084
5086
5090
5091
5100
5103
5107
5119
5141
5143
5150
5172
5174
5180
5186
5211
5221
5227
5229
5251
5253
5267
5287
5288
5289
5300
5304
5312
5324
5327
5333
5343
5354
5362
5370
5374
5375
5380
5382
5392
5398
5431
5433
5436
5450
5458
5474
5487
5496
5500
5505
5505
5512
5515
5518
5522
5524
5526
5533
5533
5546
5549
5554
5566
5567
5568
5585
5590
5592
5608
5632
5648
5649
5667
5668
5680
5684
5698
5723
5732
5745
5749
5759
5764
5778
5798
5799
5807
5818
5825
5846
5851
5866
5882
5893
5893
5898
5899
5909
5921
5925
5945
5963
5976
5977
5977
5978
6000
6002
6002
6002
6013
6021
6023
6024
6024
6030
6030
6074
6076
6106
6138
6149
6161
6167
6188
6189
6190
6197
6198
6203
6216
6222
6223
6226
6229
6240
6252
6257
6258
6262
6271
6277
6287
6298
6307
6313
6317
6318
6330
6332
6340
6342
6345
6369
6373
6382
6386
6405
6408
6411
6413
6414
6415
6421
6426
6427
6427
6437
6438
6465
6466
6495
6505
6520
6528
6533
6537
6557
6559
6603
6607
6610
6618
6655
6665
6669
6674
6681
6684
6692
6701
6714
6721
6726
6747
6751
6760
6766
6778
6788
6788
6792
6797
6820
6839
6847
6852
6863
6866
6873
6892
6898
6899
6910
6973
6974
6977
6979
6982
6999
7005
7017
7020
7024
7027
7032
7037
7048
7050
7055
7061
7070
7074
7074
7078
7100
7104
7111
7111
7114
7126
7128
7131
7136
7145
7153
7154
7162
7164
7173
7179
7188
7197
7214
7226
7287
7295
7330
7390
7397
7400
7400
7430
7442
7457
7462
7468
7469
7475
7483
7483
7487
7495
7495
7500
7505
7514
7526
7530
7537
7538
7540
7566
7567
7578
7579
7585
7588
7593
7612
7629
7637
7639
7645
7645
7650
7660
7666
7675
7675
7689
7695
7711
7734
7738
7740
7744
7747
7751
7753
7753
7769
7780
7780
7782
7783
7784
7789
7821
7825
7826
7833
7837
7842
7855
7863
7865
7875
7883
7884
7889
7896
7897
7908
7914
7919
7922
7924
7926
7927
7931
7935
7935
7943
7947
7968
7970
8007
8016
8019
8026
8030
8040
8048
8056
8066
8067
8092
8098
8108
8109
8116
8128
8135
8138
8147
8157
8160
8170
8200
8200
8252
8260
8262
8273
8301
8306
8306
8316
8320
8331
8350
8351
8359
8366
8398
8407
8409
8411
8433
8435
8436
8437
8437
8445
8447
8469
8478
8479
8493
8504
8506
8510
8519
8522
8536
8547
8550
8554
8555
8563
8566
8569
8572
8576
8579
8581
8585
8590
8617
8618
8623
8652
8674
8680
8691
8694
8699
8701
8705
8709
8711
8712
8713
8715
8716
8717
8728
8738
8742
8756
8776
8780
8789
8793
8800
8806
8811
8813
8815
8824
8832
8835
8839
8841
8852
8852
8854
8860
8881
8890
8896
8903
8913
8921
8925
8939
8944
8968
8973
8973
8986
8993
8995
9016
9020
9024
9033
9045
9063
9068
9102
9103
9139
9150
9158
9162
9164
9180
9182
9203
9206
9210
9212
9240
9244
9250
9275
9276
9289
9289
9294
9297
9299
9310
9311
9311
9329
9335
9337
9340
9342
9344
9345
9349
9357
9359
9359
9361
9365
9376
9378
9382
9391
9393
9400
9404
9405
9414
9415
9429
9443
9446
9456
9459
9472
9473
9474
9478
9492
9506
9536
9539
9545
9556
9561
9570
9578
9581
9582
9587
9592
9592
9602
9605
9611
9613
9621
9626
9633
9641
9649
9669
9681
9681
9694
9694
9705
9706
9728
9733
9735
9737
9741
9776
9782
9783
9788
9793
9802
9808
9820
9825
9826
9829
9830
9830
9830
9846
9859
9869
9875
9881
9883
9893
9905
9911
9912
9914
9919
9927
9933
9933
9933
9941
9945
9956
9960
9962
9972
9982
9984
9985
10000
10002
10010
10014
10016
10017
10023
10023
10042
10053
10057
10067
10072
10088
10090
10114
10125
10125
10137
10140
10150
10152
10200
10214
10226
10227
10269
10278
10280
10291
10305
10320
10323
10337
10343
10344
10366
10367
10377
10378
10381
10388
10399
10401
10410
10418
10423
10425
10426
10442
10469
10482
10489
10497
10498
10504
10513
10514
10523
10554
10558
10567
10572
10575
10585
10597
10612
10640
10647
10649
10650
10651
10662
10667
10668
10679
10684
10686
10715
10722
10726
10759
10761
10778
10784
10810
10817
10848
10853
10853
10870
10883
10888
10901
10913
10914
10922
10938
10942
10986
10986
10989
10991
10992
11002
11015
11020
11025
11033
11046
11048
11048
11070
11076
11077
11078
11099
11107
11114
11121
11147
11153
11156
11157
11169
11177
11193
11194
11210
11210
11226
11227
11230
11242
11253
11256
11271
11273
11274
11307
11316
11344
11346
11349
11390
11392
11395
11415
11421
11424
11427
11431
11449
11452
11457
11481
11496
11500
11505
11508
11510
11512
11515
11516
11518
11519
11550
11567
11568
11569
11572
11579
11588
11588
11588
11592
11596
11602
11611
11613
11616
11618
11632
11640
11650
11668
11677
11681
11682
11688
11694
11711
11720
11723
11743
11750
11751
11758
11759
11762
11772
11773
11776
11781
11789
11795
11801
11801
11807
11813
11813
11828
11845
11854
11856
11858
11871
11876
11876
11903
11912
11919
11942
11943
11959
11962
11968
11987
12007
12012
12016
12025
12026
12027
12031
12039
12040
12045
12050
12052
12053
12054
12063
12072
12075
12100
12105
12113
12122
12133
12153
12182
12184
12203
12216
12231
12236
12238
12238
12241
12248
12251
12252
12258
12263
12274
12281
12286
12290
12298
12316
12316
12321
12335
12358
12366
12379
12399
12399
12402
12412
12412
12422
12440
12443
12444
12456
12458
12463
12474
12482
12485
12519
12541
12557
12561
12583
12585
12588
12598
12610
12615
12633
12634
12638
12639
12646
12652
12662
12680
12700
12705
12708
12714
12715
12719
12727
12732
12737
12779
12783
12789
12806
12811
12812
12819
12838
12852
12875
12877
12895
12898
12914
12916
12923
12923
12924
12934
12938
12951
12956
12970
12971
12973
13002
13015
13018
13030
13060
13066
13067
13070
13070
13086
13088
13092
13104
13106
13119
13120
13130
13141
13143
13145
13157
13179
13180
13218
13230
13231
13231
13233
13234
13234
13243
13247
13257
13263
13271
13323
13324
13328
13334
13341
13353
13354
13376
13387
13403
13415
13421
13434
13448
13457
13458
13459
13469
13479
13480
13484
13498
13510
13534
13535
13538
13544
13545
13549
13557
13560
13567
13571
13583
13589
13617
13624
13638
13641
13646
13654
13661
13662
13671
13672
13693
13697
13726
13744
13744
13765
13767
13770
13783
13786
13798
13810
13811
13823
13853
13853
13854
13857
13864
13881
13919
13919
13921
13958
13980
13987
13991
14004
14007
14008
14049
14050
14058
14060
14072
14079
14108
14136
14137
14144
14157
14158
14170
14187
14198
14200
14202
14214
14217
14223
14235
14240
14248
14255
14259
14277
14280
14286
14290
14293
14298
14311
14313
14314
14317
14320
14327
14329
14337
14343
14346
14371
14376
14383
14392
14397
14397
14407
14418
14420
14423
14427
14430
14433
14434
14438
14455
14484
14489
14490
14513
14513
14523
14525
14534
14556
14558
14576
14577
14585
14589
14591
14596
14609
14610
14612
14623
14627
14638
14643
14657
14662
14697
14707
14711
14716
14717
14719
14733
14743
14746
14752
14758
14768
14783
14784
14792
14796
14803
14806
14811
14826
14826
14829
14849
14854
14872
14872
14878
14885
14902
14916
14925
14929
14937
14938
14946
14956
14966
14970
14970
14970
14972
14975
14977
14984
15006
15012
15015
15026
15032
15034
15040
15049
15054
15064
15070
15071
15076
15080
15091
15095
15098
15100
15102
15108
15111
15113
15122
15124
15135
15153
15165
15176
15181
15182
15182
15183
15196
15206
15228
15228
15248
15263
15276
15282
15296
15313
15344
15360
15370
15394
15397
15412
15422
15425
15443
15447
15457
15485
15494
15498
15499
15499
15513
15517
15532
15549
15595
15610
15614
15620
15633
15637
15651
15654
15670
15674
15683
15708
15717
15724
15728
15742
15747
15767
15767
15776
15778
15778
15791
15799
15806
15815
15817
15818
15829
15830
15832
15832
15833
15844
15846
15848
15856
15873
15880
15881
15886
15891
15891
15893
15907
15914
15933
15934
15937
15938
15940
15955
15958
15965
15969
15972
15997
16003
16022
16024
16046
16047
16073
16077
16085
16091
16097
16115
16137
16159
16166
16185
16193
16199
16205
16205
16211
16214
16219
16230
16233
16240
16246
16253
16254
16275
16301
16313
16317
16336
16341
16344
16352
16366
16383
16393
16405
16424
16436
16437
16450
16450
16470
16473
16487
16490
16510
16511
16513
16537
16537
16537
16554
16557
16559
16567
16567
16574
16578
16580
16582
16593
16597
16598
16599
16601
16625
16626
16637
16640
16640
16643
16661
16664
16670
16677
16679
16688
16707
16714
16740
16754
16761
16769
16772
16772
16777
16797
16828
16832
16835
16841
16852
16855
16887
16887
16895
16896
16898
16902
16902
16904
16927
16928
16930
16940
16973
16977
16987
16994
16999
17002
17006
17018
17039
17051
17057
17071
17080
17091
17092
17094
17109
17127
17138
17140
17140
17152
17168
17180
17190
17193
17210
17214
17218
17223
17243
17244
17250
17258
17262
17273
17275
17288
17331
17342
17343
17346
17347
17354
17354
17361
17368
17386
17397
17406
17407
17414
17432
17441
17442
17447
17465
17490
17500
17509
17513
17513
17517
17524
17534
17546
17561
17574
17576
17580
17599
17607
17607
17609
17612
17620
17622
17625
17626
17626
17626
17627
17630
17637
17639
17640
17641
17652
17655
17661
17668
17689
17697
17731
17748
17754
17756
17757
17781
17799
17808
17826
17831
17845
17848
17849
17854
17862
17874
17874
17893
17897
17902
17908
17910
17933
17934
17936
17953
17960
17960
17971
17972
17979
17982
17985
17986
17998
17999
18006
18008
18012
18019
18019
18019
18024
18052
18053
18073
18107
18111
18117
18120
18174
18177
18180
18181
18204
18219
18222
18229
18246
18265
18266
18270
18273
18285
18288
18290
18292
18298
18329
18337
18344
18375
18385
18386
18394
18404
18405
18435
18437
18447
18465
18466
18491
18494
18505
18511
18512
18518
18526
18529
18557
18576
18585
18590
18602
18613
18634
18639
18640
18642
18652
18659
18661
18680
18682
18690
18692
18698
18713
18724
18726
18729
18740
18754
18789
18801
18804
18812
18821
18827
18847
18856
18860
18867
18875
18890
18893
18910
18910
18911
18919
18924
18925
18927
18954
18960
18979
18980
19000
19013
19013
19014
19020
19021
19022
19025
19030
19034
19039
19050
19050
19056
19095
19096
19099
19117
19127
19133
19136
19147
19150
19160
19163
19197
19204
19205
19206
19208
19212
19214
19217
19219
19221
19236
19237
19247
19269
19271
19282
19283
19289
19290
19292
19294
19297
19301
19303
19316
19320
19325
19344
19355
19356
19356
19358
19362
19366
19366
19367
19369
19370
19404
19409
19410
19437
19449
19474
19478
19483
19502
19505
19506
19507
19510
19549
19558
19562
19564
19568
19570
19573
19599
19603
19632
19640
19640
19648
19650
19656
19664
19672
19677
19680
19681
19693
19705
19708
19714
19737
19752
19758
19762
19770
19771
19774
19775
19782
19783
19793
19797
19813
19814
19856
19865
19888
19892
19898
19904
19917
19931
19932
19943
19949
19956
19956
19961
19963
19972
19978
19978
19992
19995
19995
20002
20002
20004
20023
20036
20062
20070
20073
20080
20090
20093
20095
20112
20126
20135
20149
20161
20169
20176
20179
20204
20206
20225
20225
20235
20254
20260
20262
20263
20311
20314
20318
20334
20347
20354
20368
20375
20378
20380
20391
20392
20411
20430
20438
20442
20443
20447
20454
20454
20470
20495
20503
20509
20531
20534
20559
20563
20564
20567
20571
20580
20602
20624
20628
20629
20635
20636
20637
20639
20652
20652
20660
20673
20679
20683
20685
20689
20696
20708
20710
20715
20726
20743
20743
20743
20752
20761
20768
20771
20818
20826
20826
20827
20852
20862
20862
20872
20873
20876
20883
20933
20942
20945
20953
20957
20957
20958
20974
20975
20983
20992
20995
21007
21012
21015
21035
21054
21055
21061
21065
21069
21074
21080
21083
21084
21108
21111
21114
21116
21124
21128
21128
21128
21139
21142
21145
21159
21173
21192
21194
21194
21207
21217
21224
21236
21247
21254
21256
21259
21266
21269
21277
21281
21304
21309
21312
21318
21334
21334
21335
21340
21354
21354
21364
21367
21391
21394
21407
21409
21411
21414
21428
21429
21453
21459
21462
21463
21464
21464
21465
21465
21467
21475
21477
21481
21487
21490
21508
21511
21522
21534
21558
21565
21575
21580
21580
21599
21604
21605
21607
21613
21614
21624
21642
21643
21643
21654
21657
21679
21686
21689
21692
21696
21713
21715
21729
21733
21745
21754
21761
21772
21794
21809
21818
21818
21820
21829
21849
21849
21860
21867
21876
21877
21887
21912
21929
21941
21947
21948
21961
21964
21973
21995
21995
21996
22010
22028
22028
22033
22040
22065
22070
22074
22077
22078
22096
22103
22104
22126
22131
22157
22159
22162
22169
22177
22202
22202
22226
22230
22251
22251
22259
22260
22266
22269
22271
22271
22272
22287
22288
22294
22315
22317
22318
22320
22330
22331
22335
22344
22349
22356
22378
22386
22391
22394
22400
22411
22420
22423
22432
22436
22440
22446
22452
22459
22478
22479
22484
22496
22497
22536
22538
22551
22556
22561
22585
22595
22606
22607
22608
22622
22625
22626
22633
22634
22642
22644
22647
22652
22655
22658
22667
22682
22695
22704
22718
22718
22742
22748
22753
22762
22775
22780
22791
22794
22797
22802
22806
22806
22807
22809
22811
22820
22832
22833
22834
22834
22843
22850
22851
22853
22874
22888
22891
22897
22897
22899
22900
22907
22919
22923
22935
22958
22963
22974
22979
22980
22984
22984
22995
23001
23032
23045
23067
23114
23117
23131
23134
23148
23149
23151
23155
23157
23160
23161
23164
23180
23186
23199
23203
23221
23235
23253
23262
23271
23273
23281
23286
23288
23293
23300
23317
23321
23323
23342
23345
23364
23365
23389
23399
23408
23409
23410
23441
23442
23466
23472
23479
23491
23501
23531
23539
23540
23547
23553
23600
23603
23606
23638
23639
23662
23664
23681
23684
23709
23718
23724
23724
23725
23749
23758
23776
23779
23783
23815
23833
23841
23845
23856
23876
23878
23900
23923
23928
23934
23936
23955
23962
23966
23979
23990
24002
24004
24036
24038
24045
24051
24062
24091
24105
24105
24122
24125
24133
24177
24178
24184
24191
24192
24193
24208
24221
24221
24231
24239
24241
24245
24249
24253
24253
24254
24255
24255
24258
24262
24265
24271
24273
24276
24290
24306
24315
24321
24323
24324
24335
24336
24338
24343
24343
24344
24345
24350
24360
24360
24372
24381
24384
24392
24393
24413
24415
24418
24424
24424
24433
24433
24440
24452
24456
24462
24467
24488
24506
24521
24534
24538
24548
24554
24561
24562
24565
24572
24582
24585
24602
24607
24628
24649
24650
24658
24690
24691
24713
24729
24777
24781
24791
24794
24795
24809
24832
24837
24847
24861
24891
24898
24905
24907
24918
24927
24935
24942
24944
24944
24947
24962
24962
24966
24973
24974
24981
24991
25000
25006
25028
25029
25030
25043
25051
25058
25058
25059
25066
25074
25089
25100
25103
25110
25134
25141
25143
25167
25171
25179
25180
25191
25192
25197
25207
25214
25243
25273
25279
25281
25286
25286
25286
25292
25311
25317
25347
25361
25374
25376
25385
25390
25393
25394
25397
25400
25401
25411
25412
25418
25419
25451
25456
25456
25461
25483
25505
25505
25507
25523
25543
25546
25548
25549
25558
25563
25568
25598
25612
25655
25668
25668
25671
25672
25673
25674
25690
25697
25700
25701
25701
25708
25712
25713
25717
25722
25723
25738
25747
25749
25764
25766
25769
25785
25788
25826
25828
25832
25835
25837
25840
25859
25864
25874
25878
25894
25895
25918
25924
25932
25940
25941
25947
25956
25969
25972
25972
25976
25995
26001
26031
26032
26038
26041
26042
26054
26064
26078
26080
26094
26097
26114
26118
26121
26135
26136
26164
26174
26181
26188
26193
26199
26213
26223
26227
26249
26254
26265
26265
26272
26281
26291
26301
26302
26310
26315
26319
26335
26335
26345
26357
26362
26380
26380
26390
26393
26398
26399
26403
26407
26413
26422
26433
26434
26446
26454
26470
26481
26506
26511
26517
26526
26526
26547
26554
26571
26575
26583
26584
26618
26624
26625
26625
26625
26627
26646
26650
26650
26671
26687
26688
26693
26694
26706
26711
26726
26729
26729
26747
26754
26757
26762
26766
26770
26774
26785
26807
26830
26854
26868
26874
26877
26886
26892
26893
26912
26914
26915
26924
26945
26946
26952
26973
26988
26990
26991
26992
27016
27037
27050
27056
27069
27072
27077
27090
27104
27106
27107
27111
27118
27136
27146
27156
27169
27172
27175
27182
27200
27200
27204
27207
27209
27217
27228
27230
27234
27253
27279
27279
27290
27305
27309
27325
27327
27345
27345
27349
27369
27373
27376
27391
27391
27397
27403
27405
27407
27424
27434
27437
27446
27453
27467
27475
27476
27500
27501
27505
27509
27519
27537
27548
27559
27581
27585
27600
27603
27603
27616
27631
27642
27644
27652
27663
27674
27693
27703
27730
27744
27744
27750
27762
27763
27775
27797
27800
27815
27825
27834
27835
27835
27836
27870
27899
27903
27909
27930
27936
27972
27974
27981
27989
28001
28005
28012
28017
28017
28021
28031
28034
28038
28045
28050
28054
28068
28082
28090
28096
28127
28131
28136
28142
28147
28148
28154
28162
28164
28165
28194
28206
28208
28212
28214
28219
28255
28259
28274
28276
28279
28302
28302
28306
28308
28310
28317
28318
28322
28323
28364
28365
28369
28371
28373
28378
28383
28387
28394
28405
28407
28409
28414
28416
28420
28421
28433
28434
28435
28444
28449
28449
28460
28466
28473
28477
28479
28489
28489
28497
28503
28519
28525
28539
28547
28548
28571
28595
28612
28614
28635
28639
28662
28662
28679
28683
28686
28716
28725
28728
28734
28737
28758
28770
28781
28788
28797
28803
28805
28816
28822
28823
28830
28831
28834
28847
28853
28867
28869
28870
28887
28897
28904
28905
28912
28920
28924
28925
28926
28927
28934
28935
28938
28939
28966
28967
28972
28974
28980
28985
28988
28989
29006
29010
29022
29042
29047
29048
29050
29061
29064
29068
29069
29083
29089
29094
29096
29106
29113
29125
29125
29125
29140
29147
29181
29184
29208
29209
29248
29251
29256
29259
29261
29275
29281
29287
29297
29303
29342
29355
29360
29360
29364
29368
29374
29384
29385
29407
29416
29417
29417
29430
29433
29436
29449
29449
29452
29452
29463
29482
29488
29489
29489
29491
29491
29497
29502
29510
29513
29528
29528
29536
29544
29562
29584
29589
29590
29598
29601
29618
29618
29626
29640
29642
29643
29664
29688
29697
29710
29716
29718
29719
29740
29742
29757
29762
29772
29788
29791
29812
29821
29832
29844
29848
29855
29876
29888
29896
29899
29912
29918
29928
29933
29945
29951
29952
29978
29987
29990
29993
29997
30003
30006
30039
30062
30093
30105
30121
30132
30135
30139
30140
30152
30163
30173
30174
30175
30198
30206
30211
30213
30226
30230
30245
30255
30266
30274
30277
30277
30281
30282
30284
30335
30349
30388
30412
30421
30421
30430
30432
30455
30461
30477
30483
30489
30493
30503
30511
30514
30515
30515
30522
30546
30550
30555
30556
30561
30561
30567
30579
30581
30581
30587
30596
30599
30605
30616
30617
30617
30622
30623
30630
30640
30649
30649
30650
30650
30674
30676
30676
30681
30685
30689
30690
30691
30694
30700
30708
30726
30732
30750
30755
30772
30785
30787
30791
30795
30813
30814
30816
30816
30825
30828
30846
30872
30884
30888
30900
30903
30906
30907
30909
30927
30929
30945
30947
30966
30967
30976
30987
30988
30989
30993
31002
31004
31007
31008
31020
31021
31032
31053
31053
31056
31057
31065
31066
31068
31077
31078
31082
31083
31097
31103
31105
31105
31127
31128
31131
31131
31133
31141
31146
31159
31163
31172
31173
31174
31196
31199
31205
31206
31210
31212
31225
31225
31232
31236
31244
31256
31257
31274
31277
31278
31282
31293
31297
31301
31324
31324
31325
31328
31330
31343
31347
31348
31349
31357
31373
31377
31378
31379
31382
31390
31395
31398
31402
31402
31418
31430
31434
31444
31447
31464
31483
31487
31488
31489
31508
31512
31519
31550
31555
31556
31566
31566
31572
31580
31602
31602
31604
31607
31614
31619
31625
31626
31634
31635
31637
31659
31664
31668
31674
31686
31688
31695
31714
31718
31720
31728
31731
31733
31752
31755
31760
31774
31776
31781
31785
31799
31804
31829
31831
31834
31837
31839
31839
31842
31874
31882
31884
31892
31896
31902
31926
31931
31934
31949
31949
31954
31956
31965
31965
31977
31995
32002
32002
32002
32008
32011
32022
32023
32027
32031
32034
32035
32039
32051
32053
32059
32061
32069
32080
32081
32099
32121
32133
32137
32138
32139
32140
32154
32158
32162
32169
32172
32179
32215
32219
32224
32232
32235
32248
32257
32261
32262
32275
32276
32290
32292
32298
32301
32302
32306
32307
32309
32319
32319
32331
32335
32336
32340
32341
32344
32348
32356
32357
32363
32369
32384
32394
32398
32410
32412
32416
32427
32448
32468
32476
32478
32490
32499
32515
32523
32528
32534
32536
32537
32546
32549
32554
32581
32583
32606
32628
32637
32658
32663
32673
32682
32690
32699
32711
32723
32733
32744
32750
32755
32758
32763
